Point Number,Code,Date,Time,Solution,Physical Station ID,Virtual Station ID,Northing,Easting,Ell Ht,Elev,Ant Ht,HRMS,VRMS,HDOP,VDOP,PDOP,GDOP,TDOP,GPS,GLONASS,GALILEO,BEIDOU,SBAS,QZSS
1,,2019-05-24,09:18:24,FIXED,16,271,6687768.397,394444.827,42.6840,25.1887,1.6840,0.015,0.031,0.427,0.965,0.865,1.101,,11,8,8,7,0,0
2,,2019-05-24,09:21:14,FIXED,16,271,6687768.412,394444.813,42.7282,25.2329,1.6840,0.017,0.037,0.424,0.964,0.865,1.101,,11,8,7,6,0,0
3,,2019-05-24,09:21:19,FIXED,16,271,6687768.408,394444.813,42.7173,25.2220,1.6840,0.017,0.036,0.441,0.977,0.872,1.114,,11,8,7,6,0,0
4,,2019-05-24,09:21:20,FIXED,16,271,6687768.408,394444.813,42.7209,25.2256,1.6840,0.017,0.036,0.441,0.977,0.872,1.114,,11,8,7,6,0,0
5,,2019-05-24,09:21:21,FIXED,16,271,6687768.407,394444.810,42.7178,25.2225,1.6840,0.017,0.036,0.441,0.977,0.872,1.114,,11,8,7,6,0,0
6,,2019-05-24,09:21:22,FIXED,16,271,6687768.407,394444.809,42.7195,25.2242,1.6840,0.017,0.036,0.430,0.967,0.866,1.104,,11,8,7,7,0,0
7,,2019-05-24,09:21:23,FIXED,16,271,6687768.408,394444.807,42.7246,25.2293,1.6840,0.017,0.036,0.430,0.967,0.866,1.104,,11,8,7,6,0,0
8,,2019-05-24,09:21:24,FIXED,16,271,6687768.408,394444.807,42.7260,25.2307,1.6840,0.017,0.036,0.430,0.967,0.866,1.104,,11,8,7,6,0,0
9,,2019-05-24,09:21:25,FIXED,16,271,6687768.411,394444.811,42.7322,25.2369,1.6840,0.017,0.036,0.441,0.977,0.872,1.114,,11,8,7,6,0,0
10,,2019-05-24,09:21:26,FIXED,16,271,6687768.411,394444.812,42.7412,25.2459,1.6840,0.017,0.036,0.441,0.977,0.872,1.114,,11,8,7,6,0,0
11,,2019-05-24,09:21:27,FIXED,16,271,6687768.412,394444.813,42.7316,25.2363,1.6840,0.017,0.037,0.441,0.977,0.872,1.114,,11,8,7,6,0,0
12,,2019-05-24,09:21:28,FIXED,16,271,6687768.412,394444.813,42.7358,25.2405,1.6840,0.018,0.037,0.441,0.977,0.872,1.114,,11,8,7,6,0,0
13,,2019-05-24,09:21:29,FIXED,16,271,6687768.408,394444.809,42.7286,25.2333,1.6840,0.017,0.036,0.441,0.977,0.872,1.114,,11,8,7,7,0,0
14,,2019-05-24,09:21:30,FIXED,16,271,6687768.409,394444.809,42.7309,25.2356,1.6840,0.017,0.036,0.441,0.977,0.872,1.114,,11,8,7,7,0,0
15,,2019-05-24,09:21:31,FIXED,16,271,6687768.408,394444.807,42.7323,25.2370,1.6840,0.018,0.037,0.441,0.977,0.872,1.114,,11,8,7,7,0,0
16,,2019-05-24,09:21:32,FIXED,16,271,6687768.407,394444.808,42.7249,25.2296,1.6840,0.017,0.036,0.441,0.977,0.872,1.114,,11,8,7,7,0,0
17,,2019-05-24,09:21:33,FIXED,16,271,6687768.409,394444.809,42.7277,25.2324,1.6840,0.018,0.037,0.441,0.977,0.872,1.114,,11,8,7,6,0,0
18,,2019-05-24,09:21:34,FIXED,16,271,6687768.411,394444.807,42.7300,25.2347,1.6840,0.018,0.037,0.441,0.977,0.872,1.114,,11,8,7,6,0,0
19,,2019-05-24,09:21:35,FIXED,16,271,6687768.412,394444.813,42.7332,25.2379,1.6840,0.018,0.037,0.430,0.967,0.866,1.104,,11,8,7,6,0,0
20,,2019-05-24,09:21:36,FIXED,16,271,6687768.412,394444.813,42.7319,25.2367,1.6840,0.018,0.037,0.441,0.977,0.872,1.114,,11,8,7,6,0,0
21,,2019-05-24,09:21:37,FIXED,16,271,6687768.409,394444.814,42.7255,25.2302,1.6840,0.018,0.038,0.441,0.977,0.872,1.114,,11,8,7,7,0,0
22,,2019-05-24,09:21:38,FIXED,16,271,6687768.411,394444.814,42.7226,25.2273,1.6840,0.018,0.038,0.441,0.977,0.872,1.114,,11,8,7,7,0,0
23,,2019-05-24,09:21:39,FIXED,16,271,6687768.412,394444.814,42.7311,25.2358,1.6840,0.018,0.037,0.441,0.977,0.872,1.114,,11,8,7,7,0,0
24,,2019-05-24,09:21:40,FIXED,16,271,6687768.408,394444.812,42.7264,25.2311,1.6840,0.018,0.038,0.430,0.967,0.866,1.104,,11,8,7,8,0,0
25,,2019-05-24,09:21:41,FIXED,16,271,6687768.411,394444.814,42.7339,25.2386,1.6840,0.018,0.038,0.430,0.967,0.866,1.104,,11,8,7,8,0,0
26,,2019-05-24,09:21:42,FIXED,16,271,6687768.411,394444.814,42.7309,25.2356,1.6840,0.018,0.038,0.430,0.967,0.866,1.104,,11,8,7,7,0,0
27,,2019-05-24,09:21:43,FIXED,16,271,6687768.407,394444.811,42.7199,25.2246,1.6840,0.018,0.038,0.430,0.967,0.866,1.104,,11,8,7,7,0,0
28,,2019-05-24,09:21:44,FIXED,16,271,6687768.409,394444.816,42.7289,25.2336,1.6840,0.018,0.038,0.430,0.967,0.866,1.104,,11,8,7,7,0,0
29,,2019-05-24,09:21:45,FIXED,16,271,6687768.410,394444.815,42.7323,25.2370,1.6840,0.018,0.038,0.430,0.967,0.866,1.104,,11,8,7,7,0,0
30,,2019-05-24,09:21:46,FIXED,16,271,6687768.408,394444.814,42.7302,25.2349,1.6840,0.018,0.038,0.430,0.967,0.866,1.104,,11,8,7,7,0,0
31,,2019-05-24,09:21:47,FIXED,16,271,6687768.406,394444.810,42.7227,25.2274,1.6840,0.018,0.038,0.430,0.967,0.866,1.104,,11,8,7,7,0,0
32,,2019-05-24,09:21:48,FIXED,16,271,6687768.406,394444.806,42.7305,25.2352,1.6840,0.018,0.038,0.430,0.967,0.866,1.104,,11,8,7,7,0,0
33,,2019-05-24,09:21:49,FIXED,16,271,6687768.407,394444.810,42.7355,25.2402,1.6840,0.018,0.038,0.430,0.967,0.866,1.104,,11,8,7,6,0,0
34,,2019-05-24,09:21:50,FIXED,16,271,6687768.404,394444.806,42.7264,25.2312,1.6840,0.018,0.038,0.441,0.977,0.872,1.114,,11,8,7,6,0,0
35,,2019-05-24,09:21:51,FIXED,16,271,6687768.407,394444.809,42.7324,25.2371,1.6840,0.018,0.038,0.441,0.977,0.872,1.114,,11,8,7,6,0,0
36,,2019-05-24,09:21:52,FIXED,16,271,6687768.408,394444.808,42.7300,25.2347,1.6840,0.019,0.039,0.441,0.977,0.872,1.114,,11,8,7,6,0,0
37,,2019-05-24,09:21:53,FIXED,16,271,6687768.410,394444.811,42.7337,25.2384,1.6840,0.018,0.039,0.441,0.977,0.872,1.114,,11,8,7,6,0,0
38,,2019-05-24,09:21:54,FIXED,16,271,6687768.410,394444.809,42.7311,25.2358,1.6840,0.018,0.039,0.430,0.967,0.866,1.104,,11,8,7,7,0,0
39,,2019-05-24,09:21:55,FIXED,16,271,6687768.411,394444.808,42.7294,25.2341,1.6840,0.019,0.039,0.430,0.967,0.866,1.104,,11,8,7,7,0,0
40,,2019-05-24,09:21:56,FIXED,16,271,6687768.407,394444.811,42.7281,25.2328,1.6840,0.018,0.038,0.430,0.967,0.866,1.104,,11,8,7,7,0,0
41,,2019-05-24,09:21:57,FIXED,16,271,6687768.406,394444.810,42.7206,25.2253,1.6840,0.018,0.038,0.430,0.967,0.866,1.104,,11,8,7,7,0,0
42,,2019-05-24,09:21:58,FIXED,16,271,6687768.408,394444.813,42.7327,25.2374,1.6840,0.018,0.038,0.430,0.967,0.866,1.104,,11,8,7,7,0,0
43,,2019-05-24,09:21:59,FIXED,16,271,6687768.408,394444.812,42.7315,25.2362,1.6840,0.018,0.039,0.430,0.967,0.866,1.104,,11,8,7,7,0,0
44,,2019-05-24,09:22:00,FIXED,16,271,6687768.409,394444.812,42.7291,25.2339,1.6840,0.018,0.039,0.430,0.967,0.866,1.104,,11,8,7,6,0,0
45,,2019-05-24,09:22:01,FIXED,16,271,6687768.407,394444.808,42.7336,25.2383,1.6840,0.018,0.038,0.430,0.967,0.866,1.104,,11,8,7,7,0,0
46,,2019-05-24,09:22:02,FIXED,16,271,6687768.409,394444.811,42.7333,25.2380,1.6840,0.018,0.039,0.430,0.967,0.866,1.104,,11,8,7,6,0,0
47,,2019-05-24,09:22:03,FIXED,16,271,6687768.410,394444.814,42.7288,25.2336,1.6840,0.018,0.039,0.430,0.967,0.866,1.104,,11,8,7,7,0,0
48,,2019-05-24,09:22:04,FIXED,16,271,6687768.405,394444.811,42.7160,25.2207,1.6840,0.018,0.039,0.430,0.967,0.866,1.104,,11,8,7,6,0,0
49,,2019-05-24,09:22:05,FIXED,16,271,6687768.408,394444.814,42.7236,25.2283,1.6840,0.019,0.039,0.441,0.976,0.871,1.114,,11,8,7,6,0,0
50,,2019-05-24,09:22:06,FIXED,16,271,6687768.410,394444.813,42.7198,25.2245,1.6840,0.019,0.039,0.441,0.976,0.871,1.114,,11,8,7,6,0,0
51,,2019-05-24,09:22:07,FIXED,16,271,6687768.409,394444.812,42.7202,25.2249,1.6840,0.019,0.039,0.441,0.976,0.871,1.114,,11,8,7,6,0,0
52,,2019-05-24,09:22:08,FIXED,16,271,6687768.406,394444.807,42.7203,25.2250,1.6840,0.019,0.039,0.441,0.976,0.871,1.114,,11,8,7,6,0,0
53,,2019-05-24,09:22:09,FIXED,16,271,6687768.409,394444.807,42.7305,25.2352,1.6840,0.019,0.039,0.441,0.976,0.871,1.114,,11,8,7,6,0,0
54,,2019-05-24,09:22:10,FIXED,16,271,6687768.408,394444.809,42.7342,25.2389,1.6840,0.019,0.040,0.430,0.967,0.866,1.104,,11,8,7,7,0,0
55,,2019-05-24,09:22:11,FIXED,16,271,6687768.409,394444.810,42.7343,25.2390,1.6840,0.019,0.040,0.430,0.967,0.866,1.104,,11,8,7,6,0,0
56,,2019-05-24,09:22:12,FIXED,16,271,6687768.412,394444.810,42.7298,25.2345,1.6840,0.019,0.040,0.441,0.976,0.871,1.114,,11,8,7,6,0,0
57,,2019-05-24,09:22:13,FIXED,16,271,6687768.397,394444.818,42.6979,25.2026,1.6840,0.020,0.042,0.430,0.967,0.866,1.104,,11,8,7,6,0,0
58,,2019-05-24,09:22:14,FIXED,16,271,6687768.395,394444.817,42.7032,25.2079,1.6840,0.020,0.041,0.430,0.967,0.866,1.104,,11,8,7,7,0,0
59,,2019-05-24,09:22:15,FIXED,16,271,6687768.394,394444.820,42.7112,25.2159,1.6840,0.020,0.041,0.430,0.967,0.866,1.104,,11,8,7,7,0,0
60,,2019-05-24,09:22:16,FIXED,16,271,6687768.396,394444.819,42.7059,25.2106,1.6840,0.019,0.040,0.430,0.967,0.866,1.104,,11,8,7,6,0,0
61,,2019-05-24,09:22:17,FIXED,16,271,6687768.411,394444.811,42.7309,25.2356,1.6840,0.018,0.039,0.441,0.976,0.871,1.113,,11,8,7,6,0,0
62,,2019-05-24,09:22:18,FIXED,16,271,6687768.411,394444.809,42.7215,25.2263,1.6840,0.019,0.039,0.441,0.976,0.871,1.113,,11,8,7,6,0,0
63,,2019-05-24,09:22:19,FIXED,16,271,6687768.414,394444.811,42.7290,25.2337,1.6840,0.019,0.039,0.441,0.976,0.871,1.113,,11,8,7,7,0,0
64,,2019-05-24,09:22:20,FIXED,16,271,6687768.414,394444.811,42.7262,25.2309,1.6840,0.019,0.039,0.430,0.967,0.866,1.103,,11,8,7,7,0,0
65,,2019-05-24,09:22:21,FIXED,16,271,6687768.414,394444.811,42.7281,25.2328,1.6840,0.019,0.040,0.430,0.967,0.866,1.103,,11,8,7,6,0,0
66,,2019-05-24,09:22:22,FIXED,16,271,6687768.411,394444.808,42.7217,25.2265,1.6840,0.019,0.039,0.441,0.976,0.871,1.113,,11,8,7,6,0,0
67,,2019-05-24,09:22:23,FIXED,16,271,6687768.410,394444.806,42.7211,25.2259,1.6840,0.019,0.039,0.441,0.976,0.871,1.113,,11,8,7,6,0,0
68,,2019-05-24,09:22:24,FIXED,16,271,6687768.412,394444.809,42.7255,25.2303,1.6840,0.019,0.039,0.441,0.976,0.871,1.113,,11,8,7,7,0,0
69,,2019-05-24,09:22:25,FIXED,16,271,6687768.410,394444.809,42.7255,25.2302,1.6840,0.019,0.039,0.430,0.967,0.866,1.103,,11,8,7,7,0,0
70,,2019-05-24,09:22:26,FIXED,16,271,6687768.411,394444.809,42.7249,25.2296,1.6840,0.018,0.039,0.430,0.967,0.866,1.103,,11,8,7,7,0,0
71,,2019-05-24,09:22:27,FIXED,16,271,6687768.411,394444.808,42.7267,25.2314,1.6840,0.019,0.040,0.430,0.967,0.866,1.103,,11,8,7,7,0,0
72,,2019-05-24,09:22:28,FIXED,16,271,6687768.408,394444.809,42.7201,25.2248,1.6840,0.018,0.039,0.430,0.967,0.866,1.103,,11,8,7,7,0,0
73,,2019-05-24,09:22:29,FIXED,16,271,6687768.408,394444.808,42.7146,25.2194,1.6840,0.018,0.039,0.430,0.967,0.866,1.103,,11,8,7,8,0,0
74,,2019-05-24,09:22:30,FIXED,16,271,6687768.410,394444.809,42.7219,25.2266,1.6840,0.018,0.039,0.430,0.967,0.866,1.103,,11,8,7,8,0,0
75,,2019-05-24,09:22:31,FIXED,16,271,6687768.411,394444.813,42.7277,25.2324,1.6840,0.018,0.039,0.430,0.967,0.866,1.103,,11,8,7,8,0,0
76,,2019-05-24,09:22:32,FIXED,16,271,6687768.411,394444.809,42.7264,25.2311,1.6840,0.019,0.040,0.430,0.967,0.866,1.103,,11,8,7,7,0,0
77,,2019-05-24,09:22:33,FIXED,16,271,6687768.410,394444.809,42.7266,25.2313,1.6840,0.019,0.040,0.440,0.976,0.871,1.113,,11,8,7,7,0,0
78,,2019-05-24,09:22:34,FIXED,16,271,6687768.411,394444.808,42.7261,25.2308,1.6840,0.019,0.041,0.440,0.976,0.871,1.113,,11,8,7,7,0,0
79,,2019-05-24,09:22:35,FIXED,16,271,6687768.413,394444.812,42.7280,25.2327,1.6840,0.020,0.041,0.440,0.976,0.871,1.113,,11,8,7,8,0,0
80,,2019-05-24,09:22:36,FIXED,16,271,6687768.414,394444.811,42.7270,25.2317,1.6840,0.020,0.041,0.440,0.976,0.871,1.113,,11,8,7,8,0,0
81,,2019-05-24,09:22:37,FIXED,16,271,6687768.412,394444.810,42.7352,25.2400,1.6840,0.020,0.041,0.440,0.976,0.871,1.113,,11,8,7,8,0,0
82,,2019-05-24,09:22:38,FIXED,16,271,6687768.410,394444.809,42.7232,25.2279,1.6840,0.020,0.041,0.440,0.976,0.871,1.113,,11,8,7,8,0,0
83,,2019-05-24,09:22:39,FIXED,16,271,6687768.410,394444.809,42.7284,25.2331,1.6840,0.020,0.041,0.440,0.976,0.871,1.113,,11,8,7,8,0,0
84,,2019-05-24,09:22:40,FIXED,16,271,6687768.413,394444.814,42.7227,25.2275,1.6840,0.020,0.041,0.440,0.976,0.871,1.113,,11,8,7,8,0,0
85,,2019-05-24,09:22:41,FIXED,16,271,6687768.414,394444.815,42.7239,25.2286,1.6840,0.020,0.042,0.440,0.976,0.871,1.113,,11,8,7,8,0,0
86,,2019-05-24,09:22:42,FIXED,16,271,6687768.415,394444.814,42.7235,25.2282,1.6840,0.020,0.042,0.440,0.976,0.871,1.113,,11,8,7,8,0,0
87,,2019-05-24,09:22:43,FIXED,16,271,6687768.416,394444.814,42.7233,25.2281,1.6840,0.020,0.042,0.440,0.976,0.871,1.113,,11,8,7,8,0,0
88,,2019-05-24,09:22:44,FIXED,16,271,6687768.416,394444.813,42.7274,25.2321,1.6840,0.021,0.043,0.440,0.976,0.871,1.113,,11,8,7,8,0,0
89,,2019-05-24,09:22:45,FIXED,16,271,6687768.415,394444.809,42.7288,25.2335,1.6840,0.020,0.042,0.440,0.976,0.871,1.113,,11,8,7,8,0,0
90,,2019-05-24,09:22:46,FIXED,16,271,6687768.416,394444.812,42.7387,25.2434,1.6840,0.020,0.042,0.440,0.976,0.871,1.113,,11,8,7,8,0,0
91,,2019-05-24,09:22:47,FIXED,16,271,6687768.416,394444.813,42.7355,25.2402,1.6840,0.020,0.043,0.440,0.976,0.871,1.113,,11,8,7,8,0,0
92,,2019-05-24,09:22:48,FIXED,16,271,6687768.412,394444.810,42.7267,25.2314,1.6840,0.020,0.043,0.440,0.976,0.871,1.113,,11,8,7,8,0,0
93,,2019-05-24,09:22:49,FIXED,16,271,6687768.414,394444.812,42.7355,25.2402,1.6840,0.021,0.043,0.430,0.966,0.866,1.103,,11,8,7,8,0,0
94,,2019-05-24,09:22:50,FIXED,16,271,6687768.413,394444.813,42.7368,25.2415,1.6840,0.020,0.043,0.430,0.966,0.866,1.103,,11,8,7,8,0,0
95,,2019-05-24,09:22:51,FIXED,16,271,6687768.414,394444.815,42.7352,25.2399,1.6840,0.020,0.044,0.430,0.966,0.866,1.103,,11,8,7,8,0,0
96,,2019-05-24,09:22:52,FIXED,16,271,6687768.414,394444.816,42.7314,25.2361,1.6840,0.020,0.043,0.430,0.966,0.866,1.103,,11,8,7,8,0,0
97,,2019-05-24,09:22:53,FIXED,16,271,6687768.414,394444.815,42.7245,25.2292,1.6840,0.020,0.042,0.430,0.966,0.866,1.103,,11,8,7,8,0,0
98,,2019-05-24,09:22:54,FIXED,16,271,6687768.408,394444.812,42.7077,25.2124,1.6840,0.020,0.042,0.430,0.966,0.866,1.103,,11,8,7,8,0,0
99,,2019-05-24,09:22:55,FIXED,16,271,6687768.409,394444.814,42.7158,25.2205,1.6840,0.020,0.042,0.430,0.966,0.866,1.103,,11,8,7,8,0,0
100,,2019-05-24,09:22:56,FIXED,16,271,6687768.410,394444.809,42.7182,25.2229,1.6840,0.020,0.042,0.430,0.966,0.866,1.103,,11,8,7,8,0,0
101,,2019-05-24,09:22:57,FIXED,16,271,6687768.412,394444.809,42.7161,25.2208,1.6840,0.020,0.042,0.430,0.966,0.866,1.103,,11,8,7,8,0,0
102,,2019-05-24,09:22:58,FIXED,16,271,6687768.412,394444.809,42.7177,25.2224,1.6840,0.020,0.043,0.430,0.966,0.866,1.103,,11,8,7,8,0,0
103,,2019-05-24,09:22:59,FIXED,16,271,6687768.414,394444.817,42.7247,25.2294,1.6840,0.020,0.043,0.429,0.966,0.866,1.103,,11,8,7,8,0,0
104,,2019-05-24,09:23:00,FIXED,16,271,6687768.413,394444.817,42.7202,25.2249,1.6840,0.020,0.043,0.429,0.966,0.866,1.103,,11,8,7,8,0,0
105,,2019-05-24,09:23:01,FIXED,16,271,6687768.410,394444.810,42.7169,25.2216,1.6840,0.020,0.043,0.429,0.966,0.865,1.103,,11,8,7,8,0,0
106,,2019-05-24,09:23:02,FIXED,16,271,6687768.413,394444.811,42.7218,25.2265,1.6840,0.020,0.043,0.429,0.966,0.865,1.103,,11,8,7,8,0,0
107,,2019-05-24,09:23:03,FIXED,16,271,6687768.411,394444.813,42.7285,25.2332,1.6840,0.020,0.043,0.429,0.966,0.865,1.103,,11,8,7,8,0,0
108,,2019-05-24,09:23:04,FIXED,16,271,6687768.410,394444.813,42.7284,25.2331,1.6840,0.020,0.043,0.429,0.966,0.865,1.103,,11,8,7,8,0,0
109,,2019-05-24,09:23:05,FIXED,16,271,6687768.410,394444.814,42.7303,25.2351,1.6840,0.020,0.043,0.429,0.966,0.865,1.103,,11,8,7,8,0,0
110,,2019-05-24,09:23:06,FIXED,16,271,6687768.411,394444.811,42.7158,25.2205,1.6840,0.020,0.043,0.429,0.966,0.865,1.103,,11,8,7,8,0,0
111,,2019-05-24,09:23:07,FIXED,16,271,6687768.413,394444.816,42.7168,25.2215,1.6840,0.020,0.043,0.429,0.966,0.865,1.103,,11,8,7,8,0,0
112,,2019-05-24,09:23:08,FIXED,16,271,6687768.412,394444.817,42.7234,25.2281,1.6840,0.020,0.043,0.429,0.966,0.865,1.103,,11,8,7,8,0,0
113,,2019-05-24,09:23:09,FIXED,16,271,6687768.412,394444.813,42.7317,25.2364,1.6840,0.020,0.043,0.429,0.966,0.865,1.103,,11,8,7,8,0,0
114,,2019-05-24,09:23:10,FIXED,16,271,6687768.412,394444.815,42.7301,25.2349,1.6840,0.021,0.045,0.429,0.966,0.865,1.103,,11,8,7,8,0,0
115,,2019-05-24,09:23:11,FIXED,16,271,6687768.412,394444.816,42.7300,25.2347,1.6840,0.021,0.046,0.429,0.966,0.865,1.103,,11,8,7,8,0,0
116,,2019-05-24,09:23:12,FIXED,16,271,6687768.406,394444.811,42.7148,25.2195,1.6840,0.021,0.045,0.429,0.966,0.865,1.103,,11,8,7,8,0,0
117,,2019-05-24,09:23:13,FIXED,16,271,6687768.411,394444.815,42.7215,25.2262,1.6840,0.021,0.045,0.429,0.966,0.865,1.103,,11,8,7,8,0,0
118,,2019-05-24,09:23:14,FIXED,16,271,6687768.410,394444.815,42.7267,25.2314,1.6840,0.021,0.045,0.429,0.966,0.865,1.103,,11,8,7,8,0,0
119,,2019-05-24,09:23:15,FIXED,16,271,6687768.410,394444.811,42.7307,25.2354,1.6840,0.021,0.044,0.429,0.966,0.865,1.103,,11,8,7,8,0,0
120,,2019-05-24,09:23:16,FIXED,16,271,6687768.409,394444.807,42.7288,25.2336,1.6840,0.021,0.044,0.429,0.966,0.865,1.103,,11,8,7,8,0,0
121,,2019-05-24,09:23:17,FIXED,16,271,6687768.409,394444.809,42.7250,25.2297,1.6840,0.021,0.044,0.429,0.966,0.865,1.103,,11,8,7,8,0,0
122,,2019-05-24,09:23:18,FIXED,16,271,6687768.410,394444.812,42.7287,25.2334,1.6840,0.021,0.044,0.429,0.966,0.865,1.103,,11,8,7,8,0,0
123,,2019-05-24,09:23:19,FIXED,16,271,6687768.406,394444.816,42.7266,25.2313,1.6840,0.021,0.044,0.429,0.966,0.865,1.103,,11,8,7,8,0,0
124,,2019-05-24,09:23:20,FIXED,16,271,6687768.407,394444.816,42.7242,25.2289,1.6840,0.020,0.044,0.429,0.966,0.865,1.103,,11,8,7,8,0,0
125,,2019-05-24,09:23:21,FIXED,16,271,6687768.409,394444.811,42.7237,25.2284,1.6840,0.020,0.043,0.429,0.966,0.865,1.103,,11,8,7,8,0,0
126,,2019-05-24,09:23:22,FIXED,16,271,6687768.412,394444.811,42.7275,25.2322,1.6840,0.020,0.043,0.429,0.966,0.865,1.103,,11,8,7,8,0,0
127,,2019-05-24,09:23:23,FIXED,16,271,6687768.411,394444.815,42.7344,25.2391,1.6840,0.020,0.044,0.429,0.966,0.865,1.103,,11,8,7,8,0,0
128,,2019-05-24,09:23:24,FIXED,16,271,6687768.409,394444.812,42.7254,25.2301,1.6840,0.020,0.043,0.429,0.966,0.865,1.103,,11,8,7,8,0,0
129,,2019-05-24,09:23:25,FIXED,16,271,6687768.410,394444.812,42.7260,25.2307,1.6840,0.020,0.043,0.429,0.966,0.865,1.103,,11,8,7,8,0,0
130,,2019-05-24,09:23:26,FIXED,16,271,6687768.411,394444.811,42.7305,25.2352,1.6840,0.020,0.044,0.429,0.966,0.865,1.103,,11,8,7,8,0,0
131,,2019-05-24,09:23:27,FIXED,16,271,6687768.408,394444.810,42.7228,25.2275,1.6840,0.020,0.042,0.429,0.966,0.865,1.103,,11,8,7,8,0,0
132,,2019-05-24,09:23:28,FIXED,16,271,6687768.412,394444.809,42.7299,25.2346,1.6840,0.020,0.042,0.429,0.966,0.865,1.103,,11,8,7,8,0,0
133,,2019-05-24,09:23:29,FIXED,16,271,6687768.413,394444.812,42.7349,25.2396,1.6840,0.020,0.042,0.429,0.966,0.865,1.103,,11,8,7,8,0,0
134,,2019-05-24,09:23:30,FIXED,16,271,6687768.411,394444.809,42.7329,25.2376,1.6840,0.019,0.042,0.429,0.966,0.865,1.103,,11,8,7,8,0,0
135,,2019-05-24,09:23:31,FIXED,16,271,6687768.416,394444.813,42.7446,25.2493,1.6840,0.019,0.042,0.429,0.966,0.865,1.102,,11,8,7,8,0,0
136,,2019-05-24,09:23:32,FIXED,16,271,6687768.414,394444.813,42.7419,25.2467,1.6840,0.019,0.041,0.429,0.966,0.865,1.102,,11,8,7,8,0,0
137,,2019-05-24,09:23:33,FIXED,16,271,6687768.414,394444.810,42.7435,25.2482,1.6840,0.020,0.042,0.429,0.966,0.865,1.102,,11,8,7,8,0,0
138,,2019-05-24,09:23:34,FIXED,16,271,6687768.410,394444.813,42.7350,25.2397,1.6840,0.019,0.041,0.429,0.966,0.865,1.102,,11,8,7,8,0,0
139,,2019-05-24,09:23:35,FIXED,16,271,6687768.413,394444.814,42.7337,25.2384,1.6840,0.019,0.041,0.429,0.966,0.865,1.102,,11,8,7,8,0,0
140,,2019-05-24,09:23:36,FIXED,16,271,6687768.410,394444.809,42.7261,25.2308,1.6840,0.019,0.041,0.429,0.966,0.865,1.102,,11,8,7,8,0,0
141,,2019-05-24,09:23:37,FIXED,16,271,6687768.412,394444.811,42.7387,25.2434,1.6840,0.019,0.040,0.429,0.966,0.865,1.102,,11,8,7,8,0,0
142,,2019-05-24,09:23:38,FIXED,16,271,6687768.410,394444.810,42.7276,25.2323,1.6840,0.019,0.040,0.429,0.966,0.865,1.102,,11,8,7,8,0,0
143,,2019-05-24,09:23:39,FIXED,16,271,6687768.412,394444.812,42.7283,25.2330,1.6840,0.019,0.040,0.429,0.966,0.865,1.102,,11,8,7,8,0,0
144,,2019-05-24,09:23:40,FIXED,16,271,6687768.411,394444.812,42.7256,25.2303,1.6840,0.019,0.041,0.429,0.966,0.865,1.102,,11,8,7,8,0,0
145,,2019-05-24,09:23:41,FIXED,16,271,6687768.411,394444.812,42.7247,25.2294,1.6840,0.019,0.040,0.429,0.966,0.865,1.102,,11,8,7,8,0,0
146,,2019-05-24,09:23:42,FIXED,16,271,6687768.412,394444.812,42.7212,25.2259,1.6840,0.018,0.039,0.429,0.966,0.865,1.102,,11,8,7,8,0,0
147,,2019-05-24,09:23:43,FIXED,16,271,6687768.411,394444.813,42.7225,25.2272,1.6840,0.019,0.040,0.429,0.966,0.865,1.102,,11,8,7,8,0,0
148,,2019-05-24,09:23:44,FIXED,16,271,6687768.412,394444.813,42.7317,25.2364,1.6840,0.018,0.039,0.429,0.966,0.865,1.102,,11,8,7,8,0,0
149,,2019-05-24,09:23:45,FIXED,16,271,6687768.412,394444.810,42.7310,25.2357,1.6840,0.018,0.039,0.429,0.966,0.865,1.102,,11,8,7,8,0,0
150,,2019-05-24,09:23:46,FIXED,16,271,6687768.412,394444.811,42.7302,25.2349,1.6840,0.018,0.039,0.429,0.966,0.865,1.102,,11,8,7,8,0,0
151,,2019-05-24,09:23:47,FIXED,16,271,6687768.411,394444.815,42.7315,25.2362,1.6840,0.019,0.040,0.429,0.965,0.865,1.102,,11,8,7,8,0,0
152,,2019-05-24,09:23:48,FIXED,16,271,6687768.416,394444.816,42.7377,25.2424,1.6840,0.019,0.040,0.429,0.965,0.865,1.102,,11,8,7,8,0,0
153,,2019-05-24,09:23:49,FIXED,16,271,6687768.409,394444.811,42.7333,25.2380,1.6840,0.019,0.040,0.429,0.965,0.865,1.102,,11,8,7,8,0,0
154,,2019-05-24,09:23:50,FIXED,16,271,6687768.409,394444.811,42.7301,25.2348,1.6840,0.019,0.040,0.429,0.965,0.865,1.102,,11,8,7,8,0,0
155,,2019-05-24,09:23:51,FIXED,16,271,6687768.410,394444.811,42.7311,25.2359,1.6840,0.019,0.040,0.429,0.965,0.865,1.102,,11,8,7,8,0,0
156,,2019-05-24,09:23:52,FIXED,16,271,6687768.414,394444.811,42.7295,25.2342,1.6840,0.019,0.040,0.429,0.965,0.865,1.102,,11,8,7,8,0,0
157,,2019-05-24,09:23:53,FIXED,16,271,6687768.413,394444.810,42.7331,25.2378,1.6840,0.019,0.040,0.429,0.965,0.865,1.102,,11,8,7,8,0,0
158,,2019-05-24,09:23:54,FIXED,16,271,6687768.415,394444.811,42.7351,25.2398,1.6840,0.019,0.040,0.429,0.965,0.865,1.102,,11,8,7,8,0,0
159,,2019-05-24,09:23:55,FIXED,16,271,6687768.415,394444.812,42.7354,25.2402,1.6840,0.019,0.041,0.429,0.965,0.865,1.102,,11,8,7,7,0,0
160,,2019-05-24,09:23:56,FIXED,16,271,6687768.415,394444.813,42.7300,25.2347,1.6840,0.019,0.041,0.429,0.965,0.865,1.102,,11,8,7,7,0,0
161,,2019-05-24,09:23:57,FIXED,16,271,6687768.414,394444.811,42.7333,25.2380,1.6840,0.019,0.040,0.429,0.965,0.865,1.102,,11,8,7,8,0,0
162,,2019-05-24,09:23:58,FIXED,16,271,6687768.414,394444.811,42.7370,25.2417,1.6840,0.019,0.040,0.429,0.965,0.865,1.102,,11,8,7,7,0,0
163,,2019-05-24,09:23:59,FIXED,16,271,6687768.412,394444.806,42.7373,25.2420,1.6840,0.019,0.040,0.440,0.974,0.869,1.111,,11,8,7,7,0,0
164,,2019-05-24,09:24:00,FIXED,16,271,6687768.410,394444.807,42.7378,25.2425,1.6840,0.019,0.040,0.440,0.974,0.869,1.111,,11,8,7,7,0,0
165,,2019-05-24,09:24:01,FIXED,16,271,6687768.412,394444.806,42.7398,25.2445,1.6840,0.019,0.040,0.440,0.974,0.869,1.111,,11,8,7,7,0,0
166,,2019-05-24,09:24:02,FIXED,16,271,6687768.414,394444.809,42.7384,25.2431,1.6840,0.019,0.040,0.440,0.974,0.869,1.111,,11,8,7,7,0,0
167,,2019-05-24,09:24:03,FIXED,16,271,6687768.411,394444.809,42.7289,25.2336,1.6840,0.019,0.040,0.440,0.974,0.869,1.111,,11,8,7,7,0,0
168,,2019-05-24,09:24:04,FIXED,16,271,6687768.409,394444.811,42.7210,25.2257,1.6840,0.019,0.040,0.440,0.974,0.869,1.111,,11,8,7,7,0,0
169,,2019-05-24,09:24:05,FIXED,16,271,6687768.409,394444.805,42.7236,25.2283,1.6840,0.019,0.040,0.440,0.974,0.869,1.111,,11,8,7,7,0,0
170,,2019-05-24,09:24:06,FIXED,16,271,6687768.413,394444.810,42.7333,25.2380,1.6840,0.019,0.040,0.440,0.974,0.869,1.111,,11,8,8,7,0,0
171,,2019-05-24,09:24:07,FIXED,16,271,6687768.410,394444.806,42.7325,25.2372,1.6840,0.019,0.040,0.440,0.974,0.869,1.111,,11,8,8,7,0,0
172,,2019-05-24,09:24:08,FIXED,16,271,6687768.411,394444.806,42.7362,25.2409,1.6840,0.019,0.040,0.440,0.974,0.869,1.111,,11,8,8,7,0,0
173,,2019-05-24,09:24:09,FIXED,16,271,6687768.411,394444.810,42.7248,25.2295,1.6840,0.019,0.040,0.440,0.974,0.869,1.111,,11,8,8,7,0,0
174,,2019-05-24,09:24:10,FIXED,16,271,6687768.407,394444.810,42.7206,25.2253,1.6840,0.019,0.040,0.449,0.996,0.888,1.134,,11,8,8,7,0,0
175,,2019-05-24,09:24:11,FIXED,16,271,6687768.418,394444.815,42.7511,25.2558,1.6840,0.019,0.039,0.455,0.999,0.890,1.137,,11,8,8,8,0,0
176,,2019-05-24,09:24:12,FIXED,16,271,6687768.421,394444.814,42.7563,25.2610,1.6840,0.019,0.039,0.455,0.999,0.890,1.137,,11,8,8,7,0,0
177,,2019-05-24,09:24:13,FIXED,16,271,6687768.418,394444.816,42.7522,25.2569,1.6840,0.019,0.039,0.455,0.999,0.890,1.137,,11,8,8,8,0,0
178,,2019-05-24,09:24:14,FIXED,16,271,6687768.416,394444.813,42.7451,25.2499,1.6840,0.019,0.039,0.455,0.999,0.890,1.137,,11,8,8,7,0,0
179,,2019-05-24,09:24:15,FIXED,16,271,6687768.418,394444.813,42.7399,25.2446,1.6840,0.019,0.039,0.455,0.999,0.889,1.137,,11,8,8,8,0,0
180,,2019-05-24,09:24:16,FIXED,16,271,6687768.418,394444.812,42.7427,25.2475,1.6840,0.019,0.040,0.455,0.999,0.889,1.137,,11,8,8,7,0,0
181,,2019-05-24,09:24:17,FIXED,16,271,6687768.416,394444.814,42.7508,25.2555,1.6840,0.019,0.039,0.455,0.999,0.889,1.137,,11,8,8,7,0,0
182,,2019-05-24,09:24:18,FIXED,16,271,6687768.417,394444.813,42.7494,25.2541,1.6840,0.019,0.038,0.455,0.999,0.889,1.137,,11,8,8,7,0,0
183,,2019-05-24,09:24:19,FIXED,16,271,6687768.417,394444.813,42.7521,25.2568,1.6840,0.019,0.038,0.455,0.999,0.889,1.137,,11,8,8,7,0,0
184,,2019-05-24,09:24:20,FIXED,16,271,6687768.413,394444.812,42.7464,25.2511,1.6840,0.018,0.038,0.455,0.999,0.889,1.137,,11,8,8,7,0,0
185,,2019-05-24,09:24:21,FIXED,16,271,6687768.415,394444.813,42.7504,25.2551,1.6840,0.018,0.038,0.455,0.999,0.889,1.137,,11,8,8,8,0,0
186,,2019-05-24,09:24:22,FIXED,16,271,6687768.417,394444.812,42.7503,25.2550,1.6840,0.018,0.038,0.455,0.999,0.889,1.137,,11,8,8,7,0,0
187,,2019-05-24,09:24:23,FIXED,16,271,6687768.417,394444.810,42.7492,25.2539,1.6840,0.019,0.039,0.455,0.999,0.889,1.137,,11,8,8,6,0,0
188,,2019-05-24,09:24:24,FIXED,16,271,6687768.419,394444.816,42.7471,25.2518,1.6840,0.018,0.038,0.444,0.993,0.888,1.132,,11,8,8,7,0,0
189,,2019-05-24,09:24:25,FIXED,16,271,6687768.416,394444.816,42.7465,25.2512,1.6840,0.018,0.038,0.444,0.993,0.888,1.132,,11,8,8,7,0,0
190,,2019-05-24,09:24:26,FIXED,16,271,6687768.419,394444.814,42.7632,25.2679,1.6840,0.019,0.039,0.455,0.998,0.889,1.136,,11,8,8,7,0,0
191,,2019-05-24,09:24:27,FIXED,16,271,6687768.417,394444.815,42.7477,25.2524,1.6840,0.019,0.039,0.455,0.998,0.889,1.136,,11,8,8,7,0,0
192,,2019-05-24,09:24:28,FIXED,16,271,6687768.419,394444.814,42.7415,25.2462,1.6840,0.019,0.039,0.455,0.998,0.889,1.136,,11,8,8,7,0,0
193,,2019-05-24,09:24:29,FIXED,16,271,6687768.418,394444.815,42.7418,25.2465,1.6840,0.019,0.038,0.444,0.990,0.885,1.128,,11,8,8,7,0,0
194,,2019-05-24,09:24:30,FIXED,16,271,6687768.417,394444.814,42.7374,25.2422,1.6840,0.019,0.039,0.444,0.990,0.885,1.128,,11,8,8,7,0,0
195,,2019-05-24,09:24:31,FIXED,16,271,6687768.418,394444.812,42.7466,25.2513,1.6840,0.019,0.039,0.455,0.998,0.889,1.136,,11,8,8,8,0,0
196,,2019-05-24,09:24:32,FIXED,16,271,6687768.420,394444.816,42.7579,25.2626,1.6840,0.019,0.039,0.437,0.986,0.884,1.124,,11,8,8,8,0,0
197,,2019-05-24,09:24:33,FIXED,16,271,6687768.422,394444.820,42.7676,25.2724,1.6840,0.018,0.039,0.437,0.986,0.884,1.124,,11,8,8,7,0,0
198,,2019-05-24,09:24:34,FIXED,16,271,6687768.418,394444.819,42.7512,25.2560,1.6840,0.019,0.039,0.444,0.993,0.888,1.131,,11,8,8,7,0,0
199,,2019-05-24,09:24:35,FIXED,16,271,6687768.417,394444.820,42.7445,25.2492,1.6840,0.019,0.039,0.444,0.993,0.888,1.131,,11,8,8,7,0,0
200,,2019-05-24,09:24:36,FIXED,16,271,6687768.422,394444.822,42.7506,25.2553,1.6840,0.019,0.040,0.437,0.986,0.883,1.124,,11,8,8,8,0,0
201,,2019-05-24,09:24:37,FIXED,16,271,6687768.423,394444.822,42.7524,25.2571,1.6840,0.019,0.040,0.437,0.986,0.883,1.124,,11,8,8,8,0,0
202,,2019-05-24,09:24:38,FIXED,16,271,6687768.420,394444.816,42.7574,25.2621,1.6840,0.019,0.040,0.444,0.990,0.885,1.128,,11,8,8,8,0,0
203,,2019-05-24,09:24:39,FIXED,16,271,6687768.420,394444.819,42.7606,25.2653,1.6840,0.019,0.040,0.444,0.990,0.885,1.128,,11,8,8,7,0,0
204,,2019-05-24,09:24:40,FIXED,16,271,6687768.417,394444.814,42.7482,25.2529,1.6840,0.020,0.040,0.454,0.998,0.888,1.136,,11,8,8,7,0,0
205,,2019-05-24,09:24:41,FIXED,16,271,6687768.420,394444.818,42.7603,25.2650,1.6840,0.020,0.040,0.454,0.998,0.888,1.136,,11,8,8,7,0,0
206,,2019-05-24,09:24:42,FIXED,16,271,6687768.420,394444.813,42.7620,25.2667,1.6840,0.020,0.040,0.444,0.990,0.885,1.128,,11,8,8,8,0,0
207,,2019-05-24,09:24:43,FIXED,16,271,6687768.420,394444.816,42.7555,25.2602,1.6840,0.019,0.040,0.444,0.990,0.885,1.128,,11,8,8,8,0,0
208,,2019-05-24,09:24:44,FIXED,16,271,6687768.419,394444.817,42.7575,25.2622,1.6840,0.019,0.041,0.444,0.990,0.885,1.128,,11,8,8,8,0,0
209,,2019-05-24,09:24:45,FIXED,16,271,6687768.421,394444.814,42.7562,25.2609,1.6840,0.019,0.040,0.444,0.990,0.885,1.127,,11,8,8,7,0,0
210,,2019-05-24,09:24:46,FIXED,16,271,6687768.421,394444.818,42.7581,25.2628,1.6840,0.019,0.039,0.444,0.990,0.885,1.127,,11,8,8,7,0,0
211,,2019-05-24,09:24:47,FIXED,16,271,6687768.422,394444.820,42.7694,25.2741,1.6840,0.019,0.039,0.454,0.997,0.888,1.135,,11,8,8,7,0,0
212,,2019-05-24,09:24:48,FIXED,16,271,6687768.419,394444.813,42.7536,25.2583,1.6840,0.019,0.039,0.454,0.997,0.888,1.135,,11,8,8,7,0,0
213,,2019-05-24,09:24:49,FIXED,16,271,6687768.423,394444.815,42.7614,25.2661,1.6840,0.019,0.039,0.444,0.990,0.884,1.127,,11,8,8,8,0,0
214,,2019-05-24,09:24:50,FIXED,16,271,6687768.420,394444.816,42.7615,25.2662,1.6840,0.018,0.039,0.444,0.989,0.884,1.127,,11,8,8,8,0,0
215,,2019-05-24,09:24:51,FIXED,16,271,6687768.420,394444.816,42.7607,25.2654,1.6840,0.019,0.040,0.444,0.989,0.884,1.127,,11,8,8,7,0,0
216,,2019-05-24,09:24:52,FIXED,16,271,6687768.422,394444.819,42.7587,25.2634,1.6840,0.019,0.039,0.444,0.989,0.884,1.127,,11,8,8,8,0,0
217,,2019-05-24,09:24:53,FIXED,16,271,6687768.420,394444.818,42.7504,25.2552,1.6840,0.018,0.039,0.439,0.986,0.882,1.123,,11,8,8,7,0,0
218,,2019-05-24,09:24:54,FIXED,16,271,6687768.420,394444.815,42.7490,25.2537,1.6840,0.019,0.039,0.454,0.997,0.888,1.135,,11,8,8,7,0,0
219,,2019-05-24,09:24:55,FIXED,16,271,6687768.419,394444.812,42.7569,25.2616,1.6840,0.019,0.039,0.454,0.997,0.887,1.135,,11,8,8,7,0,0
220,,2019-05-24,09:24:56,FIXED,16,271,6687768.421,394444.815,42.7625,25.2672,1.6840,0.019,0.039,0.444,0.989,0.884,1.127,,11,8,8,8,0,0
221,,2019-05-24,09:24:57,FIXED,16,271,6687768.422,394444.819,42.7638,25.2685,1.6840,0.019,0.039,0.444,0.989,0.884,1.127,,11,8,8,8,0,0
222,,2019-05-24,09:24:58,FIXED,16,271,6687768.422,394444.818,42.7651,25.2698,1.6840,0.019,0.040,0.444,0.989,0.884,1.127,,11,8,8,7,0,0
223,,2019-05-24,09:24:59,FIXED,16,271,6687768.422,394444.819,42.7571,25.2618,1.6840,0.018,0.039,0.444,0.989,0.884,1.127,,11,8,8,8,0,0
224,,2019-05-24,09:25:00,FIXED,16,271,6687768.420,394444.814,42.7585,25.2632,1.6840,0.018,0.038,0.444,0.989,0.884,1.127,,11,8,8,7,0,0
225,,2019-05-24,09:25:01,FIXED,16,271,6687768.419,394444.812,42.7573,25.2620,1.6840,0.018,0.038,0.454,0.997,0.887,1.135,,11,8,8,7,0,0
226,,2019-05-24,09:25:02,FIXED,16,271,6687768.420,394444.810,42.7582,25.2629,1.6840,0.018,0.037,0.454,0.997,0.887,1.134,,11,8,8,7,0,0
227,,2019-05-24,09:25:03,FIXED,16,271,6687768.419,394444.811,42.7572,25.2619,1.6840,0.018,0.037,0.444,0.989,0.884,1.127,,11,8,8,8,0,0
228,,2019-05-24,09:25:04,FIXED,16,271,6687768.422,394444.817,42.7684,25.2731,1.6840,0.018,0.037,0.444,0.989,0.884,1.127,,11,8,8,8,0,0
229,,2019-05-24,09:25:05,FIXED,16,271,6687768.420,394444.815,42.7667,25.2714,1.6840,0.018,0.038,0.444,0.989,0.884,1.127,,11,8,8,8,0,0
230,,2019-05-24,09:25:06,FIXED,16,271,6687768.420,394444.811,42.7494,25.2541,1.6840,0.018,0.037,0.444,0.989,0.884,1.126,,11,8,8,8,0,0
231,,2019-05-24,09:25:07,FIXED,16,271,6687768.420,394444.813,42.7503,25.2550,1.6840,0.017,0.037,0.444,0.989,0.884,1.126,,11,8,8,8,0,0
232,,2019-05-24,09:25:08,FIXED,16,271,6687768.422,394444.817,42.7595,25.2642,1.6840,0.018,0.037,0.444,0.989,0.884,1.126,,11,8,8,8,0,0
233,,2019-05-24,09:25:09,FIXED,16,271,6687768.419,394444.813,42.7564,25.2611,1.6840,0.018,0.037,0.444,0.989,0.883,1.126,,11,8,8,8,0,0
234,,2019-05-24,09:25:10,FIXED,16,271,6687768.421,394444.812,42.7617,25.2664,1.6840,0.018,0.037,0.444,0.989,0.883,1.126,,11,8,8,8,0,0
235,,2019-05-24,09:25:11,FIXED,16,271,6687768.423,394444.815,42.7742,25.2789,1.6840,0.018,0.037,0.444,0.989,0.883,1.126,,11,8,8,8,0,0
236,,2019-05-24,09:25:12,FIXED,16,271,6687768.425,394444.814,42.7760,25.2807,1.6840,0.018,0.038,0.444,0.989,0.883,1.126,,11,8,8,8,0,0
237,,2019-05-24,09:25:13,FIXED,16,271,6687768.420,394444.811,42.7527,25.2574,1.6840,0.018,0.037,0.444,0.988,0.883,1.126,,11,8,8,8,0,0
238,,2019-05-24,09:25:14,FIXED,16,271,6687768.422,394444.814,42.7583,25.2630,1.6840,0.018,0.037,0.444,0.988,0.883,1.126,,11,8,8,8,0,0
239,,2019-05-24,09:25:15,FIXED,16,271,6687768.423,394444.813,42.7558,25.2605,1.6840,0.018,0.038,0.444,0.988,0.883,1.126,,11,8,8,8,0,0
240,,2019-05-24,09:25:16,FIXED,16,271,6687768.423,394444.809,42.7644,25.2692,1.6840,0.018,0.037,0.444,0.988,0.883,1.126,,11,8,8,8,0,0
241,,2019-05-24,09:25:17,FIXED,16,271,6687768.423,394444.812,42.7593,25.2640,1.6840,0.018,0.037,0.444,0.988,0.883,1.126,,11,8,8,8,0,0
242,,2019-05-24,09:25:18,FIXED,16,271,6687768.422,394444.813,42.7540,25.2587,1.6840,0.017,0.037,0.444,0.988,0.883,1.126,,11,8,8,8,0,0
243,,2019-05-24,09:25:19,FIXED,16,271,6687768.421,394444.814,42.7535,25.2582,1.6840,0.018,0.037,0.444,0.988,0.883,1.126,,11,8,8,8,0,0
244,,2019-05-24,09:25:20,FIXED,16,271,6687768.424,394444.815,42.7680,25.2727,1.6840,0.017,0.037,0.444,0.988,0.883,1.126,,11,8,8,8,0,0
245,,2019-05-24,09:25:21,FIXED,16,271,6687768.425,394444.816,42.7626,25.2673,1.6840,0.017,0.037,0.444,0.988,0.883,1.126,,11,8,8,8,0,0
246,,2019-05-24,09:25:22,FIXED,16,271,6687768.419,394444.812,42.7495,25.2542,1.6840,0.017,0.037,0.444,0.988,0.883,1.126,,11,8,8,8,0,0
247,,2019-05-24,09:25:23,FIXED,16,271,6687768.421,394444.816,42.7588,25.2635,1.6840,0.017,0.037,0.443,0.988,0.883,1.126,,11,8,8,8,0,0
248,,2019-05-24,09:25:24,FIXED,16,271,6687768.422,394444.815,42.7574,25.2621,1.6840,0.017,0.037,0.443,0.988,0.883,1.125,,11,8,8,8,0,0
249,,2019-05-24,09:25:25,FIXED,16,271,6687768.424,394444.819,42.7641,25.2689,1.6840,0.017,0.037,0.443,0.988,0.883,1.125,,11,8,8,8,0,0
250,,2019-05-24,09:25:26,FIXED,16,271,6687768.423,394444.819,42.7612,25.2659,1.6840,0.018,0.037,0.443,0.988,0.883,1.125,,11,8,8,8,0,0
251,,2019-05-24,09:25:27,FIXED,16,271,6687768.421,394444.819,42.7618,25.2665,1.6840,0.017,0.037,0.443,0.988,0.883,1.125,,11,8,8,8,0,0
252,,2019-05-24,09:25:28,FIXED,16,271,6687768.419,394444.811,42.7647,25.2694,1.6840,0.017,0.036,0.443,0.988,0.883,1.125,,11,8,8,8,0,0
253,,2019-05-24,09:25:29,FIXED,16,271,6687768.422,394444.815,42.7731,25.2778,1.6840,0.017,0.036,0.443,0.988,0.883,1.125,,11,8,8,8,0,0
254,,2019-05-24,09:25:30,FIXED,16,271,6687768.424,394444.816,42.7744,25.2791,1.6840,0.017,0.036,0.443,0.988,0.882,1.125,,11,8,8,8,0,0
255,,2019-05-24,09:25:31,FIXED,16,271,6687768.419,394444.812,42.7703,25.2750,1.6840,0.017,0.036,0.443,0.988,0.882,1.125,,11,8,8,8,0,0
256,,2019-05-24,09:25:32,FIXED,16,271,6687768.421,394444.815,42.7720,25.2767,1.6840,0.017,0.036,0.443,0.988,0.882,1.125,,11,8,8,8,0,0
257,,2019-05-24,09:25:33,FIXED,16,271,6687768.421,394444.817,42.7738,25.2785,1.6840,0.017,0.036,0.443,0.987,0.882,1.125,,11,8,8,8,0,0
258,,2019-05-24,09:25:34,FIXED,16,271,6687768.419,394444.813,42.7651,25.2698,1.6840,0.017,0.036,0.443,0.987,0.882,1.125,,11,8,8,8,0,0
259,,2019-05-24,09:25:35,FIXED,16,271,6687768.420,394444.813,42.7695,25.2742,1.6840,0.017,0.035,0.443,0.987,0.882,1.125,,11,8,8,8,0,0
260,,2019-05-24,09:25:36,FIXED,16,271,6687768.422,394444.817,42.7722,25.2769,1.6840,0.017,0.035,0.443,0.987,0.882,1.125,,11,8,8,8,0,0
261,,2019-05-24,09:25:37,FIXED,16,271,6687768.422,394444.814,42.7693,25.2740,1.6840,0.016,0.035,0.443,0.987,0.882,1.125,,11,8,8,8,0,0
262,,2019-05-24,09:25:38,FIXED,16,271,6687768.417,394444.813,42.7665,25.2712,1.6840,0.016,0.035,0.443,0.987,0.882,1.125,,11,8,8,8,0,0
263,,2019-05-24,09:25:39,FIXED,16,271,6687768.418,394444.811,42.7670,25.2717,1.6840,0.016,0.035,0.443,0.987,0.882,1.125,,11,8,8,8,0,0
264,,2019-05-24,09:25:40,FIXED,16,271,6687768.419,394444.812,42.7730,25.2777,1.6840,0.017,0.035,0.443,0.987,0.882,1.125,,11,8,8,8,0,0
265,,2019-05-24,09:25:41,FIXED,16,271,6687768.420,394444.815,42.7686,25.2733,1.6840,0.016,0.035,0.443,0.987,0.882,1.125,,11,8,8,8,0,0
266,,2019-05-24,09:25:42,FIXED,16,271,6687768.422,394444.819,42.7747,25.2794,1.6840,0.016,0.035,0.443,0.987,0.882,1.125,,11,8,8,8,0,0
267,,2019-05-24,09:25:43,FIXED,16,271,6687768.420,394444.815,42.7670,25.2717,1.6840,0.017,0.035,0.443,0.987,0.882,1.125,,11,8,8,8,0,0
268,,2019-05-24,09:25:44,FIXED,16,271,6687768.421,394444.819,42.7729,25.2777,1.6840,0.017,0.035,0.443,0.987,0.882,1.124,,11,8,8,8,0,0
269,,2019-05-24,09:25:45,FIXED,16,271,6687768.421,394444.817,42.7665,25.2712,1.6840,0.017,0.035,0.443,0.987,0.882,1.124,,11,8,8,8,0,0
270,,2019-05-24,09:25:46,FIXED,16,271,6687768.418,394444.814,42.7641,25.2688,1.6840,0.017,0.035,0.443,0.987,0.882,1.124,,11,8,8,8,0,0
271,,2019-05-24,09:25:47,FIXED,16,271,6687768.419,394444.817,42.7682,25.2729,1.6840,0.017,0.035,0.443,0.987,0.882,1.124,,11,8,8,8,0,0
272,,2019-05-24,09:25:48,FIXED,16,271,6687768.418,394444.812,42.7671,25.2718,1.6840,0.017,0.035,0.443,0.987,0.882,1.124,,11,8,8,8,0,0
273,,2019-05-24,09:25:49,FIXED,16,271,6687768.421,394444.814,42.7742,25.2789,1.6840,0.017,0.035,0.443,0.987,0.882,1.124,,11,8,8,8,0,0
274,,2019-05-24,09:25:50,FIXED,16,271,6687768.422,394444.817,42.7790,25.2837,1.6840,0.017,0.035,0.443,0.987,0.882,1.124,,11,8,8,8,0,0
275,,2019-05-24,09:25:51,FIXED,16,271,6687768.422,394444.815,42.7807,25.2855,1.6840,0.017,0.036,0.443,0.987,0.882,1.124,,11,8,8,8,0,0
276,,2019-05-24,09:25:52,FIXED,16,271,6687768.421,394444.814,42.7761,25.2808,1.6840,0.017,0.035,0.443,0.987,0.881,1.124,,11,8,8,8,0,0
277,,2019-05-24,09:25:53,FIXED,16,271,6687768.425,394444.817,42.7795,25.2842,1.6840,0.017,0.036,0.443,0.987,0.881,1.124,,11,8,8,8,0,0
278,,2019-05-24,09:25:54,FIXED,16,271,6687768.424,394444.816,42.7784,25.2831,1.6840,0.017,0.036,0.443,0.987,0.881,1.124,,11,8,8,8,0,0
279,,2019-05-24,09:25:55,FIXED,16,271,6687768.423,394444.817,42.7675,25.2722,1.6840,0.017,0.036,0.443,0.986,0.881,1.124,,11,8,8,8,0,0
280,,2019-05-24,09:25:56,FIXED,16,271,6687768.421,394444.818,42.7735,25.2782,1.6840,0.017,0.036,0.443,0.986,0.881,1.124,,11,8,8,8,0,0
281,,2019-05-24,09:25:57,FIXED,16,271,6687768.424,394444.819,42.7749,25.2796,1.6840,0.017,0.036,0.443,0.986,0.881,1.124,,11,8,8,8,0,0
282,,2019-05-24,09:25:58,STANDALONE,,,6687769.365,394445.761,42.1033,24.6080,1.6840,0.482,0.939,0.414,0.954,0.860,1.453,,11,8,8,9,0,0
283,,2019-05-24,09:26:03,FIXED,16,271,6687768.421,394444.806,42.7601,25.2648,1.6840,0.018,0.038,0.422,0.959,0.862,1.096,,11,8,7,8,0,0
284,,2019-05-24,09:26:04,FIXED,16,271,6687768.417,394444.803,42.7533,25.2580,1.6840,0.018,0.038,0.422,0.959,0.862,1.096,,11,8,7,8,0,0
285,,2019-05-24,09:26:05,FIXED,16,271,6687768.418,394444.802,42.7580,25.2627,1.6840,0.018,0.039,0.422,0.959,0.862,1.096,,11,8,7,8,0,0
286,,2019-05-24,09:26:06,FIXED,16,271,6687768.419,394444.806,42.7616,25.2663,1.6840,0.019,0.039,0.422,0.959,0.862,1.096,,11,8,8,8,0,0
287,,2019-05-24,09:26:07,FIXED,16,271,6687768.420,394444.803,42.7577,25.2625,1.6840,0.018,0.039,0.436,0.983,0.881,1.120,,11,8,8,8,0,0
288,,2019-05-24,09:26:08,FIXED,16,271,6687768.422,394444.807,42.7670,25.2717,1.6840,0.018,0.039,0.436,0.982,0.881,1.120,,11,8,8,8,0,0
289,,2019-05-24,09:26:09,FIXED,16,271,6687768.418,394444.806,42.7543,25.2590,1.6840,0.018,0.038,0.436,0.982,0.880,1.120,,11,8,8,8,0,0
290,,2019-05-24,09:26:10,FIXED,16,271,6687768.418,394444.805,42.7492,25.2539,1.6840,0.018,0.038,0.436,0.982,0.880,1.120,,11,8,8,8,0,0
291,,2019-05-24,09:26:11,FIXED,16,271,6687768.419,394444.806,42.7434,25.2482,1.6840,0.018,0.038,0.436,0.982,0.880,1.120,,11,8,8,8,0,0
292,,2019-05-24,09:26:12,FIXED,16,271,6687768.418,394444.806,42.7431,25.2478,1.6840,0.018,0.039,0.436,0.982,0.880,1.120,,11,8,7,8,0,0
293,,2019-05-24,09:26:13,FIXED,16,271,6687768.417,394444.808,42.7416,25.2463,1.6840,0.019,0.039,0.436,0.982,0.880,1.120,,11,8,7,7,0,0
294,,2019-05-24,09:26:14,FIXED,16,271,6687768.417,394444.807,42.7423,25.2471,1.6840,0.019,0.040,0.436,0.982,0.880,1.120,,11,8,7,7,0,0
295,,2019-05-24,09:26:15,FIXED,16,271,6687768.418,394444.808,42.7438,25.2485,1.6840,0.019,0.041,0.436,0.982,0.880,1.120,,11,8,7,7,0,0
296,,2019-05-24,09:26:16,FIXED,16,271,6687768.421,394444.809,42.7453,25.2500,1.6840,0.020,0.041,0.436,0.982,0.880,1.120,,11,8,7,8,0,0
297,,2019-05-24,09:26:17,FIXED,16,271,6687768.402,394444.803,42.7105,25.2152,1.6840,0.020,0.041,0.431,0.978,0.878,1.116,,11,8,8,8,0,0
298,,2019-05-24,09:26:18,FIXED,16,271,6687768.403,394444.799,42.7187,25.2234,1.6840,0.018,0.038,0.436,0.982,0.880,1.120,,11,8,8,8,0,0
299,,2019-05-24,09:26:19,FIXED,16,271,6687768.404,394444.800,42.7200,25.2247,1.6840,0.018,0.039,0.436,0.982,0.880,1.120,,11,8,7,8,0,0
300,,2019-05-24,09:26:20,FIXED,16,271,6687768.406,394444.799,42.7193,25.2240,1.6840,0.018,0.039,0.436,0.982,0.880,1.120,,11,8,8,8,0,0
301,,2019-05-24,09:26:21,FIXED,16,271,6687768.407,394444.798,42.7213,25.2260,1.6840,0.019,0.039,0.436,0.982,0.880,1.120,,11,8,8,8,0,0
302,,2019-05-24,09:26:22,FIXED,16,271,6687768.408,394444.796,42.7253,25.2300,1.6840,0.019,0.040,0.436,0.982,0.880,1.120,,11,8,8,8,0,0
303,,2019-05-24,09:26:23,FIXED,16,271,6687768.407,394444.798,42.7266,25.2313,1.6840,0.018,0.038,0.431,0.978,0.878,1.116,,11,8,8,8,0,0
304,,2019-05-24,09:26:24,FIXED,16,271,6687768.406,394444.797,42.7160,25.2207,1.6840,0.018,0.037,0.431,0.978,0.878,1.116,,11,8,7,8,0,0
305,,2019-05-24,09:26:25,FIXED,16,271,6687768.407,394444.802,42.7212,25.2259,1.6840,0.018,0.037,0.431,0.978,0.877,1.116,,11,8,8,8,0,0
306,,2019-05-24,09:26:26,FIXED,16,271,6687768.408,394444.803,42.7186,25.2233,1.6840,0.018,0.037,0.436,0.982,0.880,1.119,,11,8,7,8,0,0
307,,2019-05-24,09:26:27,FIXED,16,271,6687768.410,394444.803,42.7219,25.2266,1.6840,0.017,0.037,0.436,0.981,0.880,1.119,,11,8,7,8,0,0
308,,2019-05-24,09:26:28,FIXED,16,271,6687768.419,394444.821,42.7575,25.2622,1.6840,0.017,0.040,0.422,0.959,0.861,1.095,,11,8,7,8,0,0
309,,2019-05-24,09:26:29,FIXED,16,271,6687768.421,394444.821,42.7624,25.2671,1.6840,0.018,0.041,0.422,0.959,0.861,1.095,,11,8,7,8,0,0
310,,2019-05-24,09:26:30,FIXED,16,271,6687768.423,394444.821,42.7622,25.2669,1.6840,0.018,0.041,0.422,0.959,0.861,1.095,,11,8,8,8,0,0
311,,2019-05-24,09:26:31,FIXED,16,271,6687768.422,394444.822,42.7609,25.2656,1.6840,0.018,0.042,0.422,0.959,0.861,1.095,,11,8,7,8,0,0
312,,2019-05-24,09:26:32,FIXED,16,271,6687768.417,394444.826,42.7601,25.2649,1.6840,0.018,0.042,0.422,0.959,0.861,1.095,,11,8,8,8,0,0
313,,2019-05-24,09:26:33,FIXED,16,271,6687768.418,394444.825,42.7602,25.2649,1.6840,0.018,0.042,0.422,0.959,0.861,1.095,,11,8,8,8,0,0
314,,2019-05-24,09:26:34,FIXED,16,271,6687768.418,394444.820,42.7615,25.2662,1.6840,0.018,0.042,0.422,0.959,0.861,1.095,,11,8,8,8,0,0
315,,2019-05-24,09:26:35,FIXED,16,271,6687768.418,394444.819,42.7653,25.2700,1.6840,0.018,0.042,0.422,0.959,0.861,1.095,,11,8,8,8,0,0
316,,2019-05-24,09:26:36,FIXED,16,271,6687768.419,394444.819,42.7570,25.2617,1.6840,0.018,0.041,0.422,0.959,0.861,1.095,,11,8,8,7,0,0
317,,2019-05-24,09:26:37,FIXED,16,271,6687768.419,394444.817,42.7606,25.2653,1.6840,0.018,0.042,0.422,0.959,0.861,1.095,,11,8,8,7,0,0
318,,2019-05-24,09:26:38,FIXED,16,271,6687768.420,394444.821,42.7571,25.2618,1.6840,0.018,0.042,0.421,0.958,0.861,1.095,,11,8,8,8,0,0
319,,2019-05-24,09:26:39,FIXED,16,271,6687768.418,394444.819,42.7505,25.2553,1.6840,0.018,0.041,0.421,0.958,0.861,1.095,,11,8,8,8,0,0
320,,2019-05-24,09:26:40,FIXED,16,271,6687768.417,394444.818,42.7482,25.2529,1.6840,0.018,0.042,0.421,0.958,0.861,1.095,,11,8,8,8,0,0
321,,2019-05-24,09:26:41,FIXED,16,271,6687768.415,394444.820,42.7498,25.2546,1.6840,0.018,0.041,0.421,0.958,0.861,1.095,,11,8,8,8,0,0
322,,2019-05-24,09:26:42,FIXED,16,271,6687768.419,394444.820,42.7483,25.2530,1.6840,0.018,0.041,0.421,0.958,0.861,1.095,,11,8,8,8,0,0
323,,2019-05-24,09:26:43,FIXED,16,271,6687768.421,394444.823,42.7546,25.2593,1.6840,0.018,0.041,0.421,0.958,0.861,1.095,,11,8,8,8,0,0
324,,2019-05-24,09:26:44,FIXED,16,271,6687768.413,394444.821,42.7474,25.2521,1.6840,0.018,0.042,0.421,0.958,0.861,1.095,,11,8,8,8,0,0
325,,2019-05-24,09:26:45,FIXED,16,271,6687768.414,394444.819,42.7437,25.2484,1.6840,0.018,0.042,0.421,0.958,0.861,1.095,,11,8,8,8,0,0
326,,2019-05-24,09:26:46,FIXED,16,271,6687768.415,394444.821,42.7529,25.2576,1.6840,0.018,0.042,0.421,0.958,0.861,1.095,,11,8,8,8,0,0
327,,2019-05-24,09:26:47,FIXED,16,271,6687768.414,394444.821,42.7475,25.2522,1.6840,0.018,0.042,0.421,0.958,0.861,1.095,,11,8,8,8,0,0
328,,2019-05-24,09:26:48,FIXED,16,271,6687768.418,394444.821,42.7676,25.2723,1.6840,0.018,0.042,0.421,0.958,0.860,1.095,,11,8,8,8,0,0
329,,2019-05-24,09:26:49,FIXED,16,271,6687768.418,394444.821,42.7604,25.2651,1.6840,0.018,0.042,0.421,0.958,0.860,1.095,,11,8,8,8,0,0
330,,2019-05-24,09:26:50,FIXED,16,271,6687768.415,394444.820,42.7601,25.2649,1.6840,0.018,0.042,0.421,0.958,0.860,1.095,,11,8,8,8,0,0
331,,2019-05-24,09:26:51,FIXED,16,271,6687768.417,394444.820,42.7616,25.2663,1.6840,0.018,0.042,0.421,0.958,0.860,1.095,,11,8,8,8,0,0
332,,2019-05-24,09:26:52,FIXED,16,271,6687768.417,394444.818,42.7543,25.2590,1.6840,0.018,0.042,0.421,0.958,0.860,1.095,,11,8,8,8,0,0
333,,2019-05-24,09:26:53,FIXED,16,271,6687768.418,394444.817,42.7566,25.2613,1.6840,0.018,0.041,0.421,0.958,0.860,1.095,,11,8,8,8,0,0
334,,2019-05-24,09:26:54,FIXED,16,271,6687768.419,394444.817,42.7582,25.2629,1.6840,0.018,0.042,0.421,0.958,0.860,1.095,,11,8,8,8,0,0
335,,2019-05-24,09:26:55,FIXED,16,271,6687768.418,394444.821,42.7602,25.2649,1.6840,0.018,0.041,0.421,0.958,0.860,1.095,,11,8,8,8,0,0
336,,2019-05-24,09:26:56,FIXED,16,271,6687768.416,394444.822,42.7566,25.2614,1.6840,0.018,0.041,0.421,0.958,0.860,1.094,,11,8,8,8,0,0
337,,2019-05-24,09:26:57,FIXED,16,271,6687768.416,394444.823,42.7620,25.2667,1.6840,0.018,0.041,0.421,0.958,0.860,1.094,,11,8,8,8,0,0
338,,2019-05-24,09:26:58,FIXED,16,271,6687768.416,394444.824,42.7619,25.2666,1.6840,0.018,0.041,0.421,0.958,0.860,1.094,,11,8,8,8,0,0
339,,2019-05-24,09:26:59,FIXED,16,271,6687768.418,394444.821,42.7630,25.2677,1.6840,0.018,0.041,0.421,0.958,0.860,1.094,,11,8,8,8,0,0
340,,2019-05-24,09:27:00,FIXED,16,271,6687768.420,394444.824,42.7645,25.2692,1.6840,0.018,0.041,0.421,0.958,0.860,1.094,,11,8,8,8,0,0
341,,2019-05-24,09:27:01,FIXED,16,271,6687768.420,394444.825,42.7656,25.2703,1.6840,0.018,0.041,0.421,0.958,0.860,1.094,,11,8,8,8,0,0
342,,2019-05-24,09:27:02,FIXED,16,271,6687768.420,394444.825,42.7669,25.2716,1.6840,0.018,0.041,0.421,0.958,0.860,1.094,,11,8,8,8,0,0
343,,2019-05-24,09:27:03,FIXED,16,271,6687768.421,394444.825,42.7718,25.2765,1.6840,0.018,0.041,0.421,0.958,0.860,1.094,,11,8,8,8,0,0
344,,2019-05-24,09:27:04,FIXED,16,271,6687768.416,394444.819,42.7704,25.2751,1.6840,0.018,0.041,0.421,0.958,0.860,1.094,,11,8,8,8,0,0
345,,2019-05-24,09:27:05,FIXED,16,271,6687768.418,394444.823,42.7760,25.2807,1.6840,0.018,0.041,0.421,0.958,0.860,1.094,,11,8,8,8,0,0
346,,2019-05-24,09:27:06,FIXED,16,271,6687768.418,394444.824,42.7680,25.2727,1.6840,0.018,0.041,0.421,0.958,0.860,1.094,,11,8,8,8,0,0
347,,2019-05-24,09:27:07,FIXED,16,271,6687768.421,394444.824,42.7693,25.2740,1.6840,0.018,0.041,0.421,0.958,0.860,1.094,,11,8,8,8,0,0
348,,2019-05-24,09:27:08,FIXED,16,271,6687768.421,394444.824,42.7780,25.2827,1.6840,0.018,0.041,0.421,0.958,0.860,1.094,,11,8,8,8,0,0
349,,2019-05-24,09:27:09,FIXED,16,271,6687768.415,394444.821,42.7659,25.2706,1.6840,0.018,0.041,0.421,0.957,0.860,1.094,,11,8,8,8,0,0
350,,2019-05-24,09:27:10,FIXED,16,271,6687768.419,394444.821,42.7697,25.2744,1.6840,0.018,0.041,0.421,0.957,0.860,1.094,,11,8,8,8,0,0
351,,2019-05-24,09:27:11,FIXED,16,271,6687768.419,394444.820,42.7693,25.2741,1.6840,0.018,0.042,0.421,0.957,0.860,1.094,,11,8,8,8,0,0
352,,2019-05-24,09:27:12,FIXED,16,271,6687768.422,394444.821,42.7686,25.2733,1.6840,0.018,0.042,0.421,0.957,0.860,1.094,,11,8,8,8,0,0
353,,2019-05-24,09:27:13,FIXED,16,271,6687768.417,394444.821,42.7622,25.2669,1.6840,0.018,0.042,0.421,0.957,0.860,1.094,,11,8,8,8,0,0
354,,2019-05-24,09:27:14,FIXED,16,271,6687768.419,394444.819,42.7690,25.2737,1.6840,0.018,0.042,0.421,0.957,0.860,1.094,,11,8,8,8,0,0
355,,2019-05-24,09:27:15,FIXED,16,271,6687768.420,394444.817,42.7712,25.2759,1.6840,0.019,0.042,0.421,0.957,0.860,1.094,,11,8,8,8,0,0
356,,2019-05-24,09:27:16,FIXED,16,271,6687768.416,394444.817,42.7703,25.2750,1.6840,0.018,0.041,0.421,0.957,0.860,1.094,,11,8,8,7,0,0
357,,2019-05-24,09:27:17,FIXED,16,271,6687768.414,394444.817,42.7636,25.2683,1.6840,0.018,0.041,0.421,0.957,0.860,1.094,,11,8,8,8,0,0
358,,2019-05-24,09:27:18,FIXED,16,271,6687768.418,394444.819,42.7692,25.2739,1.6840,0.017,0.040,0.421,0.957,0.859,1.094,,11,8,8,8,0,0
359,,2019-05-24,09:27:19,FIXED,16,271,6687768.420,394444.824,42.7783,25.2830,1.6840,0.017,0.040,0.421,0.957,0.859,1.094,,11,8,8,8,0,0
360,,2019-05-24,09:27:20,FIXED,16,271,6687768.419,394444.824,42.7743,25.2790,1.6840,0.018,0.041,0.421,0.957,0.859,1.094,,11,8,8,8,0,0
361,,2019-05-24,09:27:21,FIXED,16,271,6687768.419,394444.825,42.7784,25.2831,1.6840,0.018,0.041,0.421,0.957,0.859,1.094,,11,8,8,8,0,0
362,,2019-05-24,09:27:22,FIXED,16,271,6687768.418,394444.824,42.7735,25.2782,1.6840,0.018,0.041,0.421,0.957,0.859,1.094,,11,8,8,8,0,0
363,,2019-05-24,09:27:23,FIXED,16,271,6687768.417,394444.822,42.7758,25.2806,1.6840,0.018,0.041,0.421,0.957,0.859,1.093,,11,8,8,8,0,0
364,,2019-05-24,09:27:24,FIXED,16,271,6687768.419,394444.826,42.7831,25.2878,1.6840,0.018,0.041,0.421,0.957,0.859,1.093,,11,8,8,7,0,0
365,,2019-05-24,09:27:25,FIXED,16,271,6687768.407,394444.835,42.7667,25.2714,1.6840,0.018,0.040,0.428,0.960,0.859,1.096,,11,8,8,7,0,0
366,,2019-05-24,09:27:26,FIXED,16,271,6687768.410,394444.837,42.7710,25.2757,1.6840,0.018,0.040,0.428,0.960,0.859,1.096,,11,8,8,7,0,0
367,,2019-05-24,09:27:27,FIXED,16,271,6687768.407,394444.829,42.7565,25.2612,1.6840,0.017,0.039,0.428,0.960,0.859,1.096,,11,8,8,7,0,0
368,,2019-05-24,09:27:28,FIXED,16,271,6687768.409,394444.828,42.7568,25.2615,1.6840,0.017,0.039,0.428,0.960,0.859,1.096,,11,8,8,7,0,0
369,,2019-05-24,09:27:29,FIXED,16,271,6687768.410,394444.827,42.7567,25.2614,1.6840,0.017,0.039,0.428,0.960,0.859,1.096,,11,8,8,7,0,0
370,,2019-05-24,09:27:30,FIXED,16,271,6687768.410,394444.831,42.7694,25.2741,1.6840,0.017,0.038,0.428,0.960,0.859,1.096,,11,8,8,7,0,0
371,,2019-05-24,09:27:31,FIXED,16,271,6687768.411,394444.836,42.7720,25.2767,1.6840,0.017,0.038,0.428,0.960,0.859,1.096,,11,8,8,7,0,0
372,,2019-05-24,09:27:32,FIXED,16,271,6687768.412,394444.838,42.7642,25.2689,1.6840,0.017,0.038,0.428,0.960,0.859,1.096,,11,8,8,7,0,0
373,,2019-05-24,09:27:33,FIXED,16,271,6687768.413,394444.838,42.7621,25.2668,1.6840,0.017,0.038,0.428,0.960,0.859,1.096,,11,8,8,7,0,0
374,,2019-05-24,09:27:34,FIXED,16,271,6687768.407,394444.829,42.7510,25.2557,1.6840,0.017,0.038,0.428,0.960,0.859,1.096,,11,8,8,6,0,0
375,,2019-05-24,09:27:35,FIXED,16,271,6687768.411,394444.830,42.7583,25.2631,1.6840,0.016,0.036,0.428,0.959,0.859,1.096,,11,8,8,7,0,0
376,,2019-05-24,09:27:36,FIXED,16,271,6687768.412,394444.828,42.7626,25.2673,1.6840,0.016,0.036,0.428,0.959,0.859,1.096,,11,8,8,7,0,0
377,,2019-05-24,09:27:37,FIXED,16,271,6687768.407,394444.834,42.7656,25.2703,1.6840,0.016,0.036,0.428,0.959,0.859,1.095,,11,8,8,7,0,0
378,,2019-05-24,09:27:38,FIXED,16,271,6687768.407,394444.833,42.7629,25.2676,1.6840,0.016,0.036,0.428,0.959,0.859,1.095,,11,8,8,7,0,0
379,,2019-05-24,09:27:39,FIXED,16,271,6687768.407,394444.833,42.7605,25.2652,1.6840,0.016,0.036,0.428,0.959,0.859,1.095,,11,8,8,8,0,0
380,,2019-05-24,09:27:40,FIXED,16,271,6687768.406,394444.834,42.7603,25.2650,1.6840,0.016,0.037,0.428,0.959,0.859,1.095,,11,8,8,8,0,0
381,,2019-05-24,09:27:41,FIXED,16,271,6687768.409,394444.834,42.7548,25.2595,1.6840,0.016,0.036,0.423,0.956,0.857,1.092,,11,8,8,7,0,0
382,,2019-05-24,09:27:42,FIXED,16,271,6687768.408,394444.833,42.7626,25.2673,1.6840,0.016,0.036,0.428,0.959,0.859,1.095,,11,8,8,7,0,0
383,,2019-05-24,09:27:43,FIXED,16,271,6687768.410,394444.831,42.7627,25.2674,1.6840,0.016,0.036,0.428,0.959,0.859,1.095,,11,8,8,7,0,0
384,,2019-05-24,09:27:44,FIXED,16,271,6687768.408,394444.831,42.7521,25.2568,1.6840,0.016,0.035,0.428,0.959,0.859,1.095,,11,8,8,7,0,0
385,,2019-05-24,09:27:45,FIXED,16,271,6687768.411,394444.833,42.7544,25.2591,1.6840,0.015,0.035,0.423,0.955,0.857,1.092,,11,8,8,7,0,0
386,,2019-05-24,09:27:46,FIXED,16,271,6687768.410,394444.832,42.7549,25.2596,1.6840,0.015,0.035,0.428,0.959,0.858,1.095,,11,8,8,7,0,0
387,,2019-05-24,09:27:47,FIXED,16,271,6687768.412,394444.838,42.7680,25.2727,1.6840,0.015,0.035,0.428,0.959,0.858,1.095,,11,8,8,7,0,0
388,,2019-05-24,09:27:48,FIXED,16,271,6687768.410,394444.834,42.7600,25.2647,1.6840,0.016,0.035,0.428,0.959,0.858,1.095,,11,8,8,7,0,0
389,,2019-05-24,09:27:49,FIXED,16,271,6687768.409,394444.833,42.7621,25.2668,1.6840,0.016,0.035,0.428,0.959,0.858,1.095,,11,8,8,7,0,0
390,,2019-05-24,09:27:50,FIXED,16,271,6687768.408,394444.831,42.7584,25.2631,1.6840,0.016,0.036,0.428,0.959,0.858,1.095,,11,8,8,7,0,0
391,,2019-05-24,09:27:51,FIXED,16,271,6687768.408,394444.831,42.7547,25.2594,1.6840,0.016,0.035,0.428,0.959,0.858,1.095,,11,8,8,7,0,0
392,,2019-05-24,09:27:52,FIXED,16,271,6687768.410,394444.831,42.7629,25.2676,1.6840,0.016,0.035,0.427,0.959,0.858,1.095,,11,8,8,7,0,0
393,,2019-05-24,09:27:53,FIXED,16,271,6687768.408,394444.835,42.7653,25.2700,1.6840,0.016,0.035,0.427,0.959,0.858,1.095,,11,8,8,7,0,0
394,,2019-05-24,09:27:54,FIXED,16,271,6687768.409,394444.834,42.7554,25.2602,1.6840,0.016,0.035,0.427,0.959,0.858,1.095,,11,8,8,7,0,0
395,,2019-05-24,09:27:55,FIXED,16,271,6687768.412,394444.836,42.7567,25.2615,1.6840,0.016,0.035,0.427,0.959,0.858,1.095,,11,8,8,7,0,0
396,,2019-05-24,09:27:56,FIXED,16,271,6687768.408,394444.838,42.7540,25.2587,1.6840,0.015,0.035,0.427,0.959,0.858,1.095,,11,8,8,7,0,0
397,,2019-05-24,09:27:57,FIXED,16,271,6687768.410,394444.839,42.7521,25.2569,1.6840,0.016,0.036,0.427,0.959,0.858,1.095,,11,8,8,7,0,0
398,,2019-05-24,09:27:58,FIXED,16,271,6687768.405,394444.834,42.7510,25.2557,1.6840,0.016,0.035,0.427,0.959,0.858,1.095,,11,8,8,7,0,0
399,,2019-05-24,09:27:59,FIXED,16,271,6687768.405,394444.836,42.7574,25.2621,1.6840,0.016,0.035,0.427,0.959,0.858,1.095,,11,8,8,7,0,0
400,,2019-05-24,09:28:00,FIXED,16,271,6687768.407,394444.834,42.7578,25.2626,1.6840,0.015,0.035,0.427,0.959,0.858,1.095,,11,8,8,7,0,0
401,,2019-05-24,09:28:01,FIXED,16,271,6687768.407,394444.835,42.7487,25.2534,1.6840,0.015,0.035,0.427,0.959,0.858,1.094,,11,8,8,7,0,0
402,,2019-05-24,09:28:02,FIXED,16,271,6687768.410,394444.838,42.7517,25.2565,1.6840,0.015,0.035,0.427,0.958,0.858,1.094,,11,8,8,8,0,0
403,,2019-05-24,09:28:03,FIXED,16,271,6687768.406,394444.836,42.7506,25.2553,1.6840,0.015,0.035,0.427,0.958,0.858,1.094,,11,8,8,8,0,0
404,,2019-05-24,09:28:04,FIXED,16,271,6687768.405,394444.836,42.7504,25.2551,1.6840,0.016,0.035,0.427,0.958,0.858,1.094,,11,8,8,8,0,0
405,,2019-05-24,09:28:05,FIXED,16,271,6687768.406,394444.832,42.7488,25.2536,1.6840,0.015,0.034,0.427,0.958,0.858,1.094,,11,8,8,8,0,0
406,,2019-05-24,09:28:06,FIXED,16,271,6687768.407,394444.832,42.7515,25.2562,1.6840,0.015,0.034,0.427,0.958,0.858,1.094,,11,8,8,8,0,0
407,,2019-05-24,09:28:07,FIXED,16,271,6687768.409,394444.833,42.7511,25.2558,1.6840,0.015,0.034,0.427,0.958,0.858,1.094,,11,8,8,8,0,0
408,,2019-05-24,09:28:08,FIXED,16,271,6687768.407,394444.832,42.7593,25.2640,1.6840,0.015,0.034,0.427,0.958,0.858,1.094,,11,8,8,8,0,0
409,,2019-05-24,09:28:09,FIXED,16,271,6687768.408,394444.831,42.7535,25.2583,1.6840,0.015,0.034,0.427,0.958,0.858,1.094,,11,8,8,8,0,0
410,,2019-05-24,09:28:10,FIXED,16,271,6687768.410,394444.831,42.7551,25.2598,1.6840,0.015,0.034,0.427,0.958,0.858,1.094,,11,8,8,8,0,0
411,,2019-05-24,09:28:11,FIXED,16,271,6687768.408,394444.833,42.7514,25.2561,1.6840,0.015,0.034,0.427,0.958,0.858,1.094,,11,8,8,8,0,0
412,,2019-05-24,09:28:12,FIXED,16,271,6687768.408,394444.834,42.7581,25.2628,1.6840,0.015,0.034,0.427,0.958,0.857,1.094,,11,8,8,8,0,0
413,,2019-05-24,09:28:13,FIXED,16,271,6687768.410,394444.832,42.7578,25.2625,1.6840,0.015,0.034,0.427,0.958,0.857,1.094,,11,8,8,8,0,0
414,,2019-05-24,09:28:14,FIXED,16,271,6687768.410,394444.832,42.7659,25.2706,1.6840,0.015,0.034,0.427,0.958,0.857,1.094,,11,8,8,8,0,0
415,,2019-05-24,09:28:15,FIXED,16,271,6687768.410,394444.831,42.7582,25.2629,1.6840,0.015,0.034,0.427,0.958,0.857,1.094,,11,8,8,8,0,0
416,,2019-05-24,09:28:16,FIXED,16,271,6687768.407,394444.831,42.7504,25.2551,1.6840,0.015,0.034,0.427,0.958,0.857,1.094,,11,8,8,8,0,0
417,,2019-05-24,09:28:17,FIXED,16,271,6687768.406,394444.831,42.7511,25.2558,1.6840,0.015,0.034,0.427,0.958,0.857,1.094,,11,8,8,8,0,0
418,,2019-05-24,09:28:18,FIXED,16,271,6687768.405,394444.829,42.7460,25.2507,1.6840,0.015,0.035,0.427,0.958,0.857,1.094,,11,8,8,7,0,0
419,,2019-05-24,09:28:19,FIXED,16,271,6687768.409,394444.831,42.7619,25.2666,1.6840,0.015,0.034,0.427,0.958,0.857,1.094,,11,8,8,8,0,0
420,,2019-05-24,09:28:20,FIXED,16,271,6687768.411,394444.832,42.7561,25.2608,1.6840,0.015,0.034,0.427,0.958,0.857,1.094,,11,8,8,8,0,0
421,,2019-05-24,09:28:21,FIXED,16,271,6687768.410,394444.830,42.7557,25.2604,1.6840,0.015,0.034,0.427,0.958,0.857,1.094,,11,8,8,8,0,0
422,,2019-05-24,09:28:22,FIXED,16,271,6687768.413,394444.831,42.7610,25.2658,1.6840,0.015,0.034,0.427,0.958,0.857,1.094,,11,8,8,7,0,0
423,,2019-05-24,09:28:23,FIXED,16,271,6687768.412,394444.830,42.7654,25.2701,1.6840,0.015,0.034,0.427,0.958,0.857,1.094,,11,8,8,7,0,0
424,,2019-05-24,09:28:24,FIXED,16,271,6687768.415,394444.834,42.7665,25.2712,1.6840,0.015,0.034,0.427,0.958,0.857,1.094,,11,8,8,7,0,0
425,,2019-05-24,09:28:25,FIXED,16,271,6687768.414,394444.834,42.7682,25.2729,1.6840,0.016,0.035,0.427,0.958,0.857,1.094,,11,8,8,7,0,0
426,,2019-05-24,09:28:26,FIXED,16,271,6687768.410,394444.829,42.7407,25.2454,1.6840,0.016,0.037,0.427,0.958,0.857,1.093,,11,8,8,8,0,0
427,,2019-05-24,09:28:27,FIXED,16,271,6687768.411,394444.830,42.7468,25.2515,1.6840,0.016,0.037,0.427,0.958,0.857,1.093,,11,8,8,8,0,0
428,,2019-05-24,09:28:28,FIXED,16,271,6687768.410,394444.830,42.7510,25.2557,1.6840,0.016,0.037,0.427,0.957,0.857,1.093,,11,8,8,8,0,0
429,,2019-05-24,09:28:29,FIXED,16,271,6687768.409,394444.831,42.7685,25.2732,1.6840,0.016,0.037,0.427,0.957,0.857,1.093,,11,8,8,8,0,0
430,,2019-05-24,09:28:30,FIXED,16,271,6687768.412,394444.830,42.7749,25.2796,1.6840,0.016,0.036,0.427,0.957,0.857,1.093,,11,8,8,8,0,0
431,,2019-05-24,09:28:31,FIXED,16,271,6687768.411,394444.827,42.7694,25.2741,1.6840,0.016,0.036,0.427,0.957,0.857,1.093,,11,8,8,8,0,0
432,,2019-05-24,09:28:32,FIXED,16,271,6687768.412,394444.823,42.7789,25.2836,1.6840,0.016,0.036,0.427,0.957,0.857,1.093,,11,8,8,8,0,0
433,,2019-05-24,09:28:33,FIXED,16,271,6687768.413,394444.828,42.7696,25.2744,1.6840,0.016,0.035,0.427,0.957,0.857,1.093,,11,8,8,7,0,0
434,,2019-05-24,09:28:34,FIXED,16,271,6687768.409,394444.831,42.7623,25.2670,1.6840,0.015,0.034,0.427,0.957,0.857,1.093,,11,8,8,8,0,0
435,,2019-05-24,09:28:35,FIXED,16,271,6687768.413,394444.832,42.7724,25.2772,1.6840,0.015,0.034,0.427,0.957,0.857,1.093,,11,8,8,8,0,0
436,,2019-05-24,09:28:36,FIXED,16,271,6687768.411,394444.828,42.7595,25.2642,1.6840,0.015,0.034,0.427,0.957,0.857,1.093,,11,8,8,8,0,0
437,,2019-05-24,09:28:37,FIXED,16,271,6687768.409,394444.830,42.7530,25.2577,1.6840,0.015,0.034,0.427,0.957,0.856,1.093,,11,8,8,8,0,0
438,,2019-05-24,09:28:38,FIXED,16,271,6687768.408,394444.832,42.7627,25.2674,1.6840,0.015,0.033,0.427,0.957,0.856,1.093,,11,8,8,8,0,0
439,,2019-05-24,09:28:39,FIXED,16,271,6687768.409,394444.832,42.7627,25.2675,1.6840,0.015,0.034,0.427,0.957,0.856,1.093,,11,8,8,8,0,0
440,,2019-05-24,09:28:40,FIXED,16,271,6687768.411,394444.832,42.7654,25.2701,1.6840,0.015,0.035,0.427,0.957,0.856,1.093,,11,8,8,8,0,0
441,,2019-05-24,09:28:41,FIXED,16,271,6687768.409,394444.832,42.7651,25.2698,1.6840,0.016,0.035,0.427,0.957,0.856,1.093,,11,8,8,7,0,0
442,,2019-05-24,09:28:42,FIXED,16,271,6687768.410,394444.830,42.7614,25.2661,1.6840,0.016,0.036,0.427,0.957,0.856,1.093,,11,8,8,7,0,0
443,,2019-05-24,09:28:43,FIXED,16,271,6687768.410,394444.829,42.7528,25.2575,1.6840,0.016,0.036,0.427,0.957,0.856,1.093,,11,8,8,7,0,0
444,,2019-05-24,09:28:44,FIXED,16,271,6687768.409,394444.830,42.7540,25.2587,1.6840,0.015,0.033,0.427,0.957,0.856,1.093,,11,8,8,7,0,0
445,,2019-05-24,09:28:45,FIXED,16,271,6687768.408,394444.829,42.7519,25.2567,1.6840,0.015,0.033,0.427,0.957,0.856,1.093,,11,8,8,7,0,0
446,,2019-05-24,09:28:46,FIXED,16,271,6687768.411,394444.828,42.7577,25.2624,1.6840,0.015,0.033,0.427,0.957,0.856,1.093,,11,8,8,7,0,0
447,,2019-05-24,09:28:47,FIXED,16,271,6687768.411,394444.827,42.7607,25.2654,1.6840,0.015,0.033,0.427,0.957,0.856,1.093,,11,8,8,7,0,0
448,,2019-05-24,09:28:48,FIXED,16,271,6687768.411,394444.825,42.7604,25.2652,1.6840,0.015,0.034,0.427,0.957,0.856,1.093,,11,8,8,7,0,0
449,,2019-05-24,09:28:49,FIXED,16,271,6687768.414,394444.826,42.7670,25.2717,1.6840,0.015,0.034,0.427,0.957,0.856,1.093,,11,8,8,7,0,0
450,,2019-05-24,09:28:50,FIXED,16,271,6687768.412,394444.828,42.7600,25.2647,1.6840,0.014,0.031,0.427,0.957,0.856,1.092,,11,8,8,7,0,0
451,,2019-05-24,09:28:51,FIXED,16,271,6687768.413,394444.827,42.7627,25.2674,1.6840,0.014,0.032,0.427,0.957,0.856,1.092,,10,8,8,7,0,0
452,,2019-05-24,09:28:52,FIXED,16,271,6687768.415,394444.817,42.7610,25.2657,1.6840,0.014,0.030,0.439,0.964,0.859,1.108,,10,8,8,7,0,0
453,,2019-05-24,09:28:53,FIXED,16,271,6687768.414,394444.814,42.7521,25.2568,1.6840,0.013,0.030,0.439,0.964,0.859,1.108,,10,8,8,7,0,0
454,,2019-05-24,09:28:54,FIXED,16,271,6687768.409,394444.812,42.7391,25.2438,1.6840,0.013,0.029,0.439,0.964,0.859,1.108,,10,8,8,7,0,0
455,,2019-05-24,09:28:55,FIXED,16,271,6687768.411,394444.816,42.7459,25.2506,1.6840,0.013,0.029,0.439,0.964,0.859,1.108,,10,8,8,7,0,0
456,,2019-05-24,09:28:56,FIXED,16,271,6687768.412,394444.816,42.7464,25.2511,1.6840,0.013,0.029,0.439,0.964,0.858,1.108,,10,8,8,7,0,0
457,,2019-05-24,09:28:57,FIXED,16,271,6687768.410,394444.816,42.7408,25.2455,1.6840,0.013,0.028,0.439,0.964,0.858,1.108,,10,8,8,7,0,0
458,,2019-05-24,09:28:58,FIXED,16,271,6687768.411,394444.813,42.7422,25.2469,1.6840,0.013,0.028,0.439,0.964,0.858,1.108,,10,8,8,7,0,0
459,,2019-05-24,09:28:59,FIXED,16,271,6687768.406,394444.812,42.7381,25.2428,1.6840,0.012,0.027,0.439,0.964,0.858,1.108,,10,8,8,7,0,0
460,,2019-05-24,09:29:00,FIXED,16,271,6687768.405,394444.819,42.7377,25.2424,1.6840,0.016,0.032,0.464,1.029,0.918,1.180,,10,8,8,7,0,0
461,,2019-05-24,09:29:01,FIXED,16,271,6687768.407,394444.815,42.7351,25.2399,1.6840,0.016,0.032,0.464,1.029,0.918,1.180,,10,8,8,7,0,0
462,,2019-05-24,09:29:02,FIXED,16,271,6687768.405,394444.815,42.7312,25.2359,1.6840,0.016,0.032,0.439,0.964,0.858,1.108,,10,8,8,8,0,0
463,,2019-05-24,09:29:03,FIXED,16,271,6687768.404,394444.814,42.7291,25.2338,1.6840,0.015,0.030,0.439,0.964,0.858,1.108,,11,8,8,8,0,0
464,,2019-05-24,09:29:04,FIXED,16,271,6687768.406,394444.818,42.7330,25.2377,1.6840,0.015,0.030,0.439,0.964,0.858,1.108,,11,8,8,8,0,0
465,,2019-05-24,09:29:05,FIXED,16,271,6687768.407,394444.818,42.7288,25.2336,1.6840,0.015,0.030,0.439,0.964,0.858,1.108,,11,8,8,8,0,0
466,,2019-05-24,09:29:06,FIXED,16,271,6687768.403,394444.816,42.7292,25.2339,1.6840,0.015,0.030,0.439,0.964,0.858,1.108,,11,8,8,8,0,0
467,,2019-05-24,09:29:07,FIXED,16,271,6687768.404,394444.815,42.7309,25.2356,1.6840,0.015,0.030,0.439,0.964,0.858,1.108,,11,8,8,8,0,0
468,,2019-05-24,09:29:08,FIXED,16,271,6687768.410,394444.818,42.7411,25.2458,1.6840,0.015,0.030,0.439,0.964,0.858,1.107,,11,8,8,8,0,0
469,,2019-05-24,09:29:09,FIXED,16,271,6687768.407,394444.815,42.7358,25.2406,1.6840,0.015,0.030,0.439,0.964,0.858,1.107,,11,8,8,8,0,0
470,,2019-05-24,09:29:10,FIXED,16,271,6687768.406,394444.816,42.7312,25.2359,1.6840,0.015,0.030,0.439,0.964,0.858,1.107,,11,8,8,8,0,0
471,,2019-05-24,09:29:11,FIXED,16,271,6687768.402,394444.813,42.7261,25.2308,1.6840,0.015,0.030,0.439,0.964,0.858,1.107,,11,8,8,8,0,0
472,,2019-05-24,09:29:12,FIXED,16,271,6687768.400,394444.815,42.7294,25.2341,1.6840,0.015,0.030,0.439,0.963,0.858,1.107,,11,8,8,8,0,0
473,,2019-05-24,09:29:13,FIXED,16,271,6687768.401,394444.817,42.7324,25.2371,1.6840,0.015,0.030,0.439,0.963,0.858,1.107,,11,8,8,8,0,0
474,,2019-05-24,09:29:14,FIXED,16,271,6687768.401,394444.817,42.7343,25.2390,1.6840,0.015,0.030,0.439,0.963,0.858,1.107,,11,8,8,8,0,0
475,,2019-05-24,09:29:15,FIXED,16,271,6687768.401,394444.816,42.7351,25.2398,1.6840,0.015,0.029,0.439,0.963,0.858,1.107,,11,8,8,8,0,0
476,,2019-05-24,09:29:16,FIXED,16,271,6687768.399,394444.814,42.7305,25.2352,1.6840,0.015,0.029,0.439,0.963,0.857,1.107,,11,8,8,8,0,0
477,,2019-05-24,09:29:17,FIXED,16,271,6687768.400,394444.815,42.7339,25.2386,1.6840,0.014,0.029,0.439,0.963,0.857,1.107,,11,8,8,8,0,0
478,,2019-05-24,09:29:18,FIXED,16,271,6687768.403,394444.816,42.7422,25.2470,1.6840,0.014,0.029,0.439,0.963,0.857,1.107,,11,8,8,8,0,0
479,,2019-05-24,09:29:19,FIXED,16,271,6687768.407,394444.815,42.7432,25.2480,1.6840,0.014,0.029,0.439,0.963,0.857,1.107,,11,8,8,8,0,0
480,,2019-05-24,09:29:20,FIXED,16,271,6687768.404,394444.812,42.7384,25.2431,1.6840,0.014,0.029,0.439,0.963,0.857,1.107,,11,8,8,8,0,0
481,,2019-05-24,09:29:21,FIXED,16,271,6687768.404,394444.811,42.7390,25.2437,1.6840,0.015,0.029,0.439,0.963,0.857,1.107,,11,8,8,7,0,0
482,,2019-05-24,09:29:22,FIXED,16,271,6687768.402,394444.812,42.7291,25.2338,1.6840,0.014,0.028,0.439,0.963,0.857,1.107,,11,8,8,7,0,0
483,,2019-05-24,09:29:23,FIXED,16,271,6687768.399,394444.814,42.7239,25.2286,1.6840,0.014,0.028,0.439,0.963,0.857,1.107,,11,8,8,7,0,0
484,,2019-05-24,09:29:24,FIXED,16,271,6687768.398,394444.814,42.7215,25.2262,1.6840,0.014,0.029,0.439,0.963,0.857,1.107,,11,8,8,7,0,0
485,,2019-05-24,09:29:25,FIXED,16,271,6687768.400,394444.816,42.7204,25.2251,1.6840,0.014,0.028,0.439,0.963,0.857,1.106,,11,8,8,8,0,0
486,,2019-05-24,09:29:26,FIXED,16,271,6687768.401,394444.814,42.7271,25.2318,1.6840,0.014,0.027,0.439,0.963,0.857,1.106,,11,8,8,8,0,0
487,,2019-05-24,09:29:27,FIXED,16,271,6687768.399,394444.815,42.7298,25.2345,1.6840,0.014,0.027,0.439,0.963,0.857,1.106,,11,8,8,8,0,0
488,,2019-05-24,09:29:28,FIXED,16,271,6687768.399,394444.814,42.7300,25.2347,1.6840,0.014,0.028,0.439,0.963,0.857,1.106,,11,8,8,8,0,0
489,,2019-05-24,09:29:29,FIXED,16,271,6687768.398,394444.815,42.7267,25.2314,1.6840,0.014,0.027,0.439,0.963,0.857,1.106,,11,8,8,8,0,0
490,,2019-05-24,09:29:30,FIXED,16,271,6687768.399,394444.816,42.7216,25.2263,1.6840,0.014,0.027,0.439,0.963,0.857,1.106,,11,8,8,8,0,0
491,,2019-05-24,09:29:31,FIXED,16,271,6687768.403,394444.820,42.7314,25.2361,1.6840,0.014,0.027,0.439,0.962,0.857,1.106,,11,8,8,8,0,0
492,,2019-05-24,09:29:32,FIXED,16,271,6687768.398,394444.817,42.7323,25.2370,1.6840,0.014,0.027,0.439,0.962,0.857,1.106,,11,8,8,8,0,0
493,,2019-05-24,09:29:33,FIXED,16,271,6687768.403,394444.819,42.7371,25.2418,1.6840,0.014,0.027,0.439,0.962,0.857,1.106,,11,8,8,8,0,0
494,,2019-05-24,09:29:34,FIXED,16,271,6687768.401,394444.816,42.7267,25.2314,1.6840,0.014,0.027,0.439,0.962,0.856,1.106,,11,8,8,8,0,0
495,,2019-05-24,09:29:35,FIXED,16,271,6687768.401,394444.815,42.7228,25.2275,1.6840,0.014,0.028,0.439,0.962,0.856,1.106,,11,8,8,8,0,0
496,,2019-05-24,09:29:36,FIXED,16,271,6687768.404,394444.818,42.7226,25.2274,1.6840,0.014,0.027,0.434,0.958,0.854,1.101,,11,8,8,8,0,0
497,,2019-05-24,09:29:37,FIXED,16,271,6687768.404,394444.819,42.7264,25.2311,1.6840,0.014,0.027,0.434,0.958,0.854,1.101,,11,8,8,8,0,0
498,,2019-05-24,09:29:38,FIXED,16,271,6687768.402,394444.815,42.7248,25.2295,1.6840,0.014,0.027,0.439,0.962,0.856,1.106,,11,8,8,8,0,0
