Point Number,Code,Date,Time,Solution,Physical Station ID,Virtual Station ID,Northing,Easting,Ell Ht,Elev,Ant Ht,HRMS,VRMS,HDOP,VDOP,PDOP,GDOP,TDOP,GPS,GLONASS,GALILEO,BEIDOU,SBAS,QZSS
1,,2019-05-24,09:32:15,FIXED,-1,17,6687768.384,394444.824,42.784,25.289,1.684,0.014,0.032,0.609,1.249,1.390,1.565,,10,7,0,0,0,0
2,,2019-05-24,09:32:16,FIXED,-1,17,6687768.384,394444.827,42.783,25.288,1.684,0.014,0.032,0.609,1.249,1.390,1.565,,10,7,0,0,0,0
3,,2019-05-24,09:32:17,FIXED,-1,17,6687768.382,394444.825,42.781,25.285,1.684,0.014,0.033,0.609,1.249,1.390,1.565,,10,7,0,0,0,0
4,,2019-05-24,09:32:18,FIXED,-1,17,6687768.381,394444.824,42.775,25.280,1.684,0.014,0.032,0.609,1.249,1.390,1.565,,10,7,0,0,0,0
5,,2019-05-24,09:32:19,FIXED,-1,17,6687768.381,394444.823,42.775,25.279,1.684,0.014,0.032,0.609,1.249,1.390,1.565,,10,7,0,0,0,0
6,,2019-05-24,09:32:20,FIXED,-1,17,6687768.381,394444.826,42.773,25.278,1.684,0.014,0.032,0.609,1.249,1.390,1.564,,10,7,0,0,0,0
7,,2019-05-24,09:32:21,FIXED,-1,17,6687768.384,394444.821,42.791,25.295,1.684,0.014,0.032,0.609,1.249,1.390,1.564,,10,7,0,0,0,0
8,,2019-05-24,09:32:22,FIXED,-1,17,6687768.382,394444.822,42.769,25.274,1.684,0.014,0.032,0.609,1.249,1.390,1.564,,10,7,0,0,0,0
9,,2019-05-24,09:32:23,FIXED,-1,17,6687768.384,394444.824,42.776,25.281,1.684,0.014,0.032,0.609,1.249,1.390,1.564,,10,7,0,0,0,0
10,,2019-05-24,09:32:24,FIXED,-1,17,6687768.384,394444.826,42.778,25.282,1.684,0.014,0.032,0.609,1.249,1.390,1.564,,10,7,0,0,0,0
11,,2019-05-24,09:32:25,FIXED,-1,17,6687768.381,394444.824,42.776,25.280,1.684,0.015,0.033,0.609,1.249,1.390,1.564,,10,7,0,0,0,0
12,,2019-05-24,09:32:26,FIXED,-1,17,6687768.384,394444.823,42.781,25.286,1.684,0.015,0.033,0.609,1.249,1.390,1.564,,10,7,0,0,0,0
13,,2019-05-24,09:32:27,FIXED,-1,17,6687768.386,394444.819,42.781,25.285,1.684,0.015,0.033,0.609,1.249,1.390,1.564,,10,7,0,0,0,0
14,,2019-05-24,09:32:28,FIXED,-1,17,6687768.385,394444.823,42.782,25.286,1.684,0.015,0.034,0.609,1.249,1.390,1.564,,10,7,0,0,0,0
15,,2019-05-24,09:32:29,FIXED,-1,17,6687768.381,394444.824,42.776,25.281,1.684,0.015,0.034,0.609,1.249,1.390,1.564,,10,7,0,0,0,0
16,,2019-05-24,09:32:30,FIXED,-1,17,6687768.381,394444.823,42.765,25.269,1.684,0.015,0.034,0.609,1.249,1.389,1.564,,10,7,0,0,0,0
17,,2019-05-24,09:32:31,FIXED,-1,17,6687768.371,394444.830,42.741,25.245,1.684,0.015,0.035,0.654,1.334,1.486,1.669,,10,6,0,0,0,0
18,,2019-05-24,09:32:32,FIXED,-1,17,6687768.372,394444.828,42.750,25.254,1.684,0.015,0.034,0.654,1.334,1.486,1.669,,10,6,0,0,0,0
19,,2019-05-24,09:32:33,FIXED,-1,17,6687768.378,394444.829,42.756,25.261,1.684,0.014,0.031,0.609,1.249,1.389,1.564,,10,7,0,0,0,0
20,,2019-05-24,09:32:34,FIXED,-1,17,6687768.378,394444.830,42.754,25.258,1.684,0.014,0.032,0.609,1.249,1.389,1.564,,10,7,0,0,0,0
21,,2019-05-24,09:32:35,FIXED,-1,17,6687768.373,394444.831,42.745,25.250,1.684,0.014,0.031,0.654,1.334,1.486,1.668,,10,7,0,0,0,0
22,,2019-05-24,09:32:36,FIXED,-1,17,6687768.371,394444.829,42.735,25.240,1.684,0.014,0.031,0.654,1.334,1.486,1.668,,10,7,0,0,0,0
23,,2019-05-24,09:32:37,FIXED,-1,17,6687768.371,394444.830,42.741,25.246,1.684,0.013,0.030,0.654,1.334,1.485,1.668,,10,7,0,0,0,0
24,,2019-05-24,09:32:38,FIXED,-1,17,6687768.371,394444.830,42.742,25.247,1.684,0.013,0.030,0.654,1.333,1.485,1.668,,10,6,0,0,0,0
25,,2019-05-24,09:32:39,FIXED,-1,17,6687768.372,394444.827,42.746,25.251,1.684,0.013,0.029,0.654,1.333,1.485,1.668,,10,7,0,0,0,0
26,,2019-05-24,09:32:40,FIXED,-1,17,6687768.373,394444.828,42.743,25.248,1.684,0.013,0.029,0.654,1.333,1.485,1.668,,10,7,0,0,0,0
27,,2019-05-24,09:32:41,FIXED,-1,17,6687768.372,394444.831,42.746,25.251,1.684,0.013,0.029,0.609,1.248,1.389,1.563,,10,7,0,0,0,0
28,,2019-05-24,09:32:42,FIXED,-1,17,6687768.374,394444.830,42.750,25.255,1.684,0.013,0.029,0.609,1.248,1.389,1.563,,10,7,0,0,0,0
29,,2019-05-24,09:32:43,FIXED,-1,17,6687768.372,394444.827,42.747,25.251,1.684,0.012,0.027,0.609,1.248,1.389,1.563,,10,7,0,0,0,0
30,,2019-05-24,09:32:44,FIXED,-1,17,6687768.373,394444.826,42.753,25.258,1.684,0.012,0.028,0.609,1.248,1.389,1.563,,10,7,0,0,0,0
31,,2019-05-24,09:32:45,FIXED,-1,17,6687768.372,394444.826,42.756,25.261,1.684,0.012,0.028,0.654,1.332,1.484,1.667,,10,7,0,0,0,0
32,,2019-05-24,09:32:46,FIXED,-1,17,6687768.374,394444.828,42.753,25.258,1.684,0.012,0.027,0.609,1.248,1.389,1.563,,10,7,0,0,0,0
33,,2019-05-24,09:32:47,FIXED,-1,17,6687768.373,394444.829,42.746,25.251,1.684,0.012,0.027,0.654,1.332,1.484,1.667,,10,7,0,0,0,0
34,,2019-05-24,09:32:48,FIXED,-1,17,6687768.370,394444.830,42.749,25.253,1.684,0.012,0.027,0.609,1.248,1.389,1.563,,10,7,0,0,0,0
35,,2019-05-24,09:32:49,FIXED,-1,17,6687768.373,394444.829,42.753,25.258,1.684,0.012,0.027,0.609,1.248,1.389,1.563,,10,7,0,0,0,0
36,,2019-05-24,09:32:50,FIXED,-1,17,6687768.371,394444.827,42.750,25.255,1.684,0.012,0.027,0.654,1.332,1.484,1.666,,10,7,0,0,0,0
37,,2019-05-24,09:33:02,FIXED,-1,17,6687768.371,394444.829,42.752,25.256,1.684,0.013,0.030,0.609,1.247,1.388,1.562,,10,7,0,0,0,0
38,,2019-05-24,09:33:03,FIXED,-1,17,6687768.369,394444.828,42.754,25.258,1.684,0.013,0.028,0.654,1.330,1.482,1.664,,10,7,0,0,0,0
39,,2019-05-24,09:33:04,FIXED,-1,17,6687768.369,394444.829,42.756,25.260,1.684,0.013,0.029,0.654,1.330,1.482,1.664,,10,7,0,0,0,0
40,,2019-05-24,09:33:05,FIXED,-1,17,6687768.372,394444.831,42.763,25.268,1.684,0.013,0.028,0.609,1.247,1.388,1.562,,10,7,0,0,0,0
41,,2019-05-24,09:33:06,FIXED,-1,17,6687768.372,394444.830,42.753,25.257,1.684,0.012,0.028,0.609,1.247,1.388,1.562,,10,7,0,0,0,0
42,,2019-05-24,09:33:07,FIXED,-1,17,6687768.369,394444.828,42.746,25.250,1.684,0.012,0.027,0.609,1.247,1.388,1.562,,10,7,0,0,0,0
43,,2019-05-24,09:33:08,FIXED,-1,17,6687768.370,394444.827,42.751,25.255,1.684,0.012,0.027,0.654,1.330,1.482,1.664,,10,6,0,0,0,0
44,,2019-05-24,09:33:09,FIXED,-1,17,6687768.371,394444.826,42.751,25.256,1.684,0.012,0.027,0.654,1.329,1.482,1.664,,10,6,0,0,0,0
45,,2019-05-24,09:33:10,FIXED,-1,17,6687768.370,394444.829,42.750,25.255,1.684,0.012,0.027,0.654,1.329,1.481,1.663,,10,7,0,0,0,0
46,,2019-05-24,09:33:11,FIXED,-1,17,6687768.369,394444.828,42.754,25.259,1.684,0.012,0.027,0.654,1.329,1.481,1.663,,10,7,0,0,0,0
47,,2019-05-24,09:33:12,FIXED,-1,17,6687768.370,394444.830,42.752,25.256,1.684,0.012,0.026,0.609,1.247,1.388,1.562,,10,7,0,0,0,0
48,,2019-05-24,09:33:13,FIXED,-1,17,6687768.367,394444.831,42.751,25.256,1.684,0.011,0.025,0.609,1.247,1.388,1.562,,10,7,0,0,0,0
49,,2019-05-24,09:33:14,FIXED,-1,17,6687768.368,394444.831,42.752,25.257,1.684,0.012,0.026,0.609,1.247,1.388,1.562,,10,7,0,0,0,0
50,,2019-05-24,09:33:15,FIXED,-1,17,6687768.370,394444.832,42.755,25.260,1.684,0.011,0.025,0.609,1.247,1.388,1.562,,10,7,0,0,0,0
51,,2019-05-24,09:33:16,FIXED,-1,17,6687768.372,394444.832,42.754,25.259,1.684,0.011,0.025,0.609,1.247,1.387,1.562,,10,7,0,0,0,0
52,,2019-05-24,09:33:17,FIXED,-1,17,6687768.372,394444.833,42.756,25.261,1.684,0.011,0.025,0.609,1.247,1.387,1.561,,10,7,0,0,0,0
53,,2019-05-24,09:33:18,FIXED,-1,17,6687768.370,394444.830,42.758,25.263,1.684,0.011,0.025,0.609,1.247,1.387,1.561,,10,7,0,0,0,0
54,,2019-05-24,09:33:19,FIXED,-1,17,6687768.371,394444.829,42.756,25.261,1.684,0.011,0.024,0.609,1.246,1.387,1.561,,10,7,0,0,0,0
55,,2019-05-24,09:33:20,FIXED,-1,17,6687768.369,394444.829,42.759,25.264,1.684,0.011,0.025,0.609,1.246,1.387,1.561,,10,7,0,0,0,0
56,,2019-05-24,09:33:21,FIXED,-1,17,6687768.369,394444.832,42.758,25.263,1.684,0.011,0.025,0.609,1.246,1.387,1.561,,10,7,0,0,0,0
57,,2019-05-24,09:33:22,FIXED,-1,17,6687768.369,394444.832,42.756,25.261,1.684,0.011,0.025,0.609,1.246,1.387,1.561,,10,7,0,0,0,0
58,,2019-05-24,09:33:23,FIXED,-1,17,6687768.370,394444.830,42.756,25.261,1.684,0.011,0.025,0.654,1.327,1.480,1.661,,10,7,0,0,0,0
59,,2019-05-24,09:33:24,FIXED,-1,17,6687768.368,394444.829,42.759,25.263,1.684,0.012,0.026,0.654,1.327,1.480,1.661,,10,7,0,0,0,0
60,,2019-05-24,09:33:25,FIXED,-1,17,6687768.367,394444.829,42.756,25.261,1.684,0.012,0.026,0.609,1.246,1.387,1.561,,10,7,0,0,0,0
61,,2019-05-24,09:33:26,FIXED,-1,17,6687768.365,394444.830,42.753,25.257,1.684,0.012,0.027,0.609,1.246,1.387,1.561,,10,7,0,0,0,0
62,,2019-05-24,09:33:27,FIXED,-1,17,6687768.370,394444.832,42.752,25.257,1.684,0.012,0.027,0.609,1.246,1.387,1.561,,10,7,0,0,0,0
63,,2019-05-24,09:33:28,FIXED,-1,17,6687768.378,394444.824,42.780,25.284,1.684,0.015,0.034,0.609,1.246,1.387,1.561,,10,7,0,0,0,0
64,,2019-05-24,09:33:29,FIXED,-1,17,6687768.368,394444.832,42.754,25.258,1.684,0.015,0.034,0.654,1.327,1.479,1.661,,10,6,0,0,0,0
65,,2019-05-24,09:33:30,FIXED,-1,17,6687768.370,394444.832,42.758,25.263,1.684,0.015,0.034,0.654,1.327,1.479,1.661,,10,6,0,0,0,0
66,,2019-05-24,09:33:31,FIXED,-1,17,6687768.371,394444.833,42.758,25.263,1.684,0.015,0.034,0.654,1.326,1.479,1.660,,10,7,0,0,0,0
67,,2019-05-24,09:33:32,FIXED,-1,17,6687768.370,394444.832,42.757,25.262,1.684,0.015,0.033,0.654,1.326,1.479,1.660,,10,7,0,0,0,0
68,,2019-05-24,09:33:33,FIXED,-1,17,6687768.372,394444.831,42.765,25.270,1.684,0.014,0.032,0.609,1.246,1.387,1.560,,10,7,0,0,0,0
69,,2019-05-24,09:33:34,FIXED,-1,17,6687768.371,394444.831,42.763,25.268,1.684,0.014,0.032,0.609,1.246,1.387,1.560,,10,7,0,0,0,0
70,,2019-05-24,09:33:35,FIXED,-1,17,6687768.370,394444.832,42.762,25.267,1.684,0.014,0.032,0.609,1.246,1.387,1.560,,10,7,0,0,0,0
71,,2019-05-24,09:33:36,FIXED,-1,17,6687768.370,394444.832,42.766,25.270,1.684,0.014,0.031,0.654,1.326,1.478,1.660,,10,6,0,0,0,0
72,,2019-05-24,09:33:37,FIXED,-1,17,6687768.368,394444.833,42.771,25.275,1.684,0.014,0.031,0.654,1.326,1.478,1.660,,10,6,0,0,0,0
73,,2019-05-24,09:33:38,FIXED,-1,17,6687768.373,394444.832,42.755,25.259,1.684,0.014,0.030,0.609,1.246,1.386,1.560,,10,7,0,0,0,0
74,,2019-05-24,09:33:39,FIXED,-1,17,6687768.371,394444.832,42.761,25.266,1.684,0.013,0.030,0.609,1.245,1.386,1.560,,10,7,0,0,0,0
75,,2019-05-24,09:33:40,FIXED,-1,17,6687768.372,394444.833,42.760,25.264,1.684,0.013,0.030,0.609,1.245,1.386,1.560,,10,7,0,0,0,0
76,,2019-05-24,09:33:41,FIXED,-1,17,6687768.370,394444.833,42.764,25.269,1.684,0.013,0.029,0.609,1.245,1.386,1.560,,10,7,0,0,0,0
77,,2019-05-24,09:33:42,FIXED,-1,17,6687768.374,394444.831,42.776,25.281,1.684,0.013,0.029,0.609,1.245,1.386,1.560,,10,7,0,0,0,0
78,,2019-05-24,09:33:43,FIXED,-1,17,6687768.375,394444.834,42.769,25.274,1.684,0.013,0.028,0.609,1.245,1.386,1.560,,10,7,0,0,0,0
79,,2019-05-24,09:33:44,FIXED,-1,17,6687768.377,394444.831,42.774,25.278,1.684,0.013,0.028,0.609,1.245,1.386,1.560,,10,7,0,0,0,0
80,,2019-05-24,09:33:45,FIXED,-1,17,6687768.374,394444.831,42.766,25.270,1.684,0.012,0.027,0.609,1.245,1.386,1.560,,10,7,0,0,0,0
81,,2019-05-24,09:33:46,FIXED,-1,17,6687768.374,394444.835,42.770,25.275,1.684,0.012,0.027,0.654,1.324,1.477,1.658,,10,6,0,0,0,0
82,,2019-05-24,09:33:47,FIXED,-1,17,6687768.373,394444.835,42.767,25.271,1.684,0.012,0.028,0.654,1.324,1.477,1.658,,10,6,0,0,0,0
83,,2019-05-24,09:33:48,FIXED,-1,17,6687768.371,394444.834,42.766,25.271,1.684,0.012,0.027,0.609,1.245,1.386,1.560,,10,7,0,0,0,0
84,,2019-05-24,09:33:49,FIXED,-1,17,6687768.368,394444.833,42.759,25.263,1.684,0.012,0.026,0.654,1.324,1.477,1.658,,10,7,0,0,0,0
85,,2019-05-24,09:33:50,FIXED,-1,17,6687768.371,394444.836,42.763,25.268,1.684,0.012,0.026,0.609,1.245,1.386,1.559,,10,6,0,0,0,0
86,,2019-05-24,09:33:51,FIXED,-1,17,6687768.370,394444.835,42.766,25.271,1.684,0.012,0.026,0.609,1.245,1.386,1.559,,10,6,0,0,0,0
87,,2019-05-24,09:33:52,FIXED,-1,17,6687768.369,394444.834,42.772,25.277,1.684,0.013,0.027,0.665,1.248,1.414,1.586,,10,5,0,0,0,0
88,,2019-05-24,09:33:53,FIXED,-1,17,6687768.370,394444.834,42.776,25.281,1.684,0.013,0.027,0.665,1.248,1.414,1.586,,10,5,0,0,0,0
89,,2019-05-24,09:33:54,FIXED,-1,17,6687768.378,394444.834,42.791,25.296,1.684,0.013,0.028,0.681,1.294,1.462,1.638,,10,4,0,0,0,0
90,,2019-05-24,09:33:55,FIXED,-1,17,6687768.376,394444.833,42.786,25.291,1.684,0.013,0.027,0.681,1.294,1.462,1.638,,10,4,0,0,0,0
91,,2019-05-24,09:33:56,FIXED,-1,17,6687768.373,394444.832,42.792,25.297,1.684,0.012,0.026,0.665,1.248,1.414,1.585,,10,5,0,0,0,0
92,,2019-05-24,09:33:57,FIXED,-1,17,6687768.364,394444.833,42.768,25.272,1.684,0.013,0.026,0.665,1.248,1.414,1.585,,10,5,0,0,0,0
93,,2019-05-24,09:33:58,FIXED,-1,17,6687768.363,394444.830,42.757,25.262,1.684,0.013,0.027,0.665,1.248,1.414,1.585,,10,5,0,0,0,0
94,,2019-05-24,09:33:59,FIXED,-1,17,6687768.369,394444.831,42.780,25.285,1.684,0.013,0.028,0.681,1.294,1.462,1.638,,10,4,0,0,0,0
95,,2019-05-24,09:34:00,FIXED,-1,17,6687768.371,394444.830,42.781,25.286,1.684,0.013,0.027,0.681,1.294,1.462,1.638,,10,4,0,0,0,0
96,,2019-05-24,09:34:01,FIXED,-1,17,6687768.372,394444.831,42.789,25.294,1.684,0.012,0.026,0.665,1.248,1.414,1.585,,10,5,0,0,0,0
97,,2019-05-24,09:34:02,FIXED,-1,17,6687768.366,394444.830,42.770,25.275,1.684,0.012,0.026,0.712,1.326,1.505,1.683,,10,5,0,0,0,0
98,,2019-05-24,09:34:03,FIXED,-1,17,6687768.367,394444.833,42.772,25.277,1.684,0.013,0.026,0.637,1.247,1.400,1.573,,10,6,0,0,0,0
99,,2019-05-24,09:34:04,FIXED,-1,17,6687768.367,394444.835,42.774,25.278,1.684,0.013,0.027,0.691,1.322,1.492,1.671,,10,6,0,0,0,0
100,,2019-05-24,09:34:05,FIXED,-1,17,6687768.367,394444.836,42.771,25.276,1.684,0.013,0.028,0.691,1.322,1.492,1.671,,10,6,0,0,0,0
101,,2019-05-24,09:34:06,FIXED,-1,17,6687768.369,394444.837,42.772,25.277,1.684,0.013,0.028,0.637,1.247,1.400,1.573,,10,6,0,0,0,0
102,,2019-05-24,09:34:07,FIXED,-1,17,6687768.368,394444.836,42.774,25.278,1.684,0.013,0.028,0.637,1.247,1.400,1.573,,10,6,0,0,0,0
103,,2019-05-24,09:34:08,FIXED,-1,17,6687768.366,394444.833,42.768,25.273,1.684,0.013,0.029,0.691,1.322,1.492,1.670,,10,6,0,0,0,0
104,,2019-05-24,09:34:09,FIXED,-1,17,6687768.366,394444.834,42.767,25.272,1.684,0.014,0.029,0.691,1.322,1.492,1.670,,10,6,0,0,0,0
105,,2019-05-24,09:34:10,FIXED,-1,17,6687768.369,394444.833,42.773,25.278,1.684,0.014,0.029,0.637,1.247,1.400,1.573,,10,6,0,0,0,0
106,,2019-05-24,09:34:11,FIXED,-1,17,6687768.369,394444.834,42.775,25.279,1.684,0.014,0.029,0.637,1.247,1.400,1.573,,10,6,0,0,0,0
107,,2019-05-24,09:34:12,FIXED,-1,17,6687768.367,394444.833,42.770,25.275,1.684,0.014,0.029,0.637,1.247,1.400,1.572,,10,6,0,0,0,0
108,,2019-05-24,09:34:13,FIXED,-1,17,6687768.368,394444.835,42.768,25.273,1.684,0.014,0.029,0.637,1.246,1.400,1.572,,10,6,0,0,0,0
109,,2019-05-24,09:34:14,FIXED,-1,17,6687768.368,394444.834,42.774,25.279,1.684,0.014,0.029,0.637,1.246,1.400,1.572,,10,6,0,0,0,0
110,,2019-05-24,09:34:15,FIXED,-1,17,6687768.368,394444.836,42.774,25.279,1.684,0.014,0.029,0.691,1.321,1.491,1.670,,10,6,0,0,0,0
111,,2019-05-24,09:34:16,FIXED,-1,17,6687768.368,394444.834,42.774,25.279,1.684,0.014,0.029,0.637,1.246,1.400,1.572,,10,6,0,0,0,0
112,,2019-05-24,09:34:17,FIXED,-1,17,6687768.370,394444.836,42.771,25.276,1.684,0.014,0.029,0.637,1.246,1.400,1.572,,10,6,0,0,0,0
113,,2019-05-24,09:34:18,FIXED,-1,17,6687768.371,394444.833,42.781,25.285,1.684,0.013,0.028,0.637,1.246,1.399,1.572,,10,6,0,0,0,0
114,,2019-05-24,09:34:19,FIXED,-1,17,6687768.369,394444.831,42.777,25.282,1.684,0.013,0.028,0.691,1.320,1.490,1.669,,10,6,0,0,0,0
115,,2019-05-24,09:34:20,FIXED,-1,17,6687768.369,394444.832,42.782,25.287,1.684,0.013,0.028,0.691,1.320,1.490,1.669,,10,6,0,0,0,0
116,,2019-05-24,09:34:21,FIXED,-1,17,6687768.369,394444.833,42.787,25.291,1.684,0.013,0.028,0.691,1.320,1.490,1.669,,10,6,0,0,0,0
117,,2019-05-24,09:34:22,FIXED,-1,17,6687768.368,394444.835,42.781,25.285,1.684,0.013,0.028,0.691,1.320,1.490,1.668,,10,6,0,0,0,0
118,,2019-05-24,09:34:23,FIXED,-1,17,6687768.369,394444.838,42.780,25.285,1.684,0.013,0.028,0.691,1.320,1.490,1.668,,10,6,0,0,0,0
119,,2019-05-24,09:34:24,FIXED,-1,17,6687768.367,394444.840,42.777,25.282,1.684,0.013,0.028,0.691,1.320,1.490,1.668,,10,6,0,0,0,0
120,,2019-05-24,09:34:25,FIXED,-1,17,6687768.368,394444.837,42.779,25.284,1.684,0.013,0.028,0.691,1.320,1.489,1.668,,10,6,0,0,0,0
121,,2019-05-24,09:34:26,FIXED,-1,17,6687768.368,394444.835,42.769,25.274,1.684,0.013,0.028,0.691,1.320,1.489,1.668,,10,6,0,0,0,0
122,,2019-05-24,09:34:27,FIXED,-1,17,6687768.370,394444.834,42.772,25.276,1.684,0.013,0.028,0.691,1.319,1.489,1.668,,10,6,0,0,0,0
123,,2019-05-24,09:34:28,FIXED,-1,17,6687768.370,394444.834,42.775,25.280,1.684,0.013,0.028,0.691,1.319,1.489,1.668,,10,6,0,0,0,0
124,,2019-05-24,09:34:29,FIXED,-1,17,6687768.370,394444.837,42.780,25.284,1.684,0.013,0.027,0.690,1.319,1.489,1.667,,10,6,0,0,0,0
125,,2019-05-24,09:34:30,FIXED,-1,17,6687768.369,394444.837,42.780,25.284,1.684,0.013,0.028,0.690,1.319,1.489,1.667,,10,6,0,0,0,0
126,,2019-05-24,09:34:31,FIXED,-1,17,6687768.372,394444.838,42.779,25.284,1.684,0.013,0.028,0.637,1.245,1.399,1.571,,10,6,0,0,0,0
127,,2019-05-24,09:34:32,FIXED,-1,17,6687768.369,394444.836,42.784,25.288,1.684,0.013,0.028,0.690,1.319,1.489,1.667,,10,6,0,0,0,0
128,,2019-05-24,09:34:33,FIXED,-1,17,6687768.370,394444.836,42.773,25.277,1.684,0.013,0.028,0.690,1.318,1.488,1.667,,10,6,0,0,0,0
129,,2019-05-24,09:34:34,FIXED,-1,17,6687768.369,394444.837,42.773,25.277,1.684,0.013,0.028,0.690,1.318,1.488,1.667,,10,6,0,0,0,0
130,,2019-05-24,09:34:35,FIXED,-1,17,6687768.370,394444.839,42.781,25.286,1.684,0.013,0.028,0.690,1.318,1.488,1.666,,10,6,0,0,0,0
131,,2019-05-24,09:34:36,FIXED,-1,17,6687768.371,394444.842,42.771,25.275,1.684,0.013,0.028,0.690,1.318,1.488,1.666,,10,6,0,0,0,0
132,,2019-05-24,09:34:37,FIXED,-1,17,6687768.369,394444.839,42.779,25.284,1.684,0.013,0.028,0.637,1.245,1.398,1.571,,10,6,0,0,0,0
133,,2019-05-24,09:34:38,FIXED,-1,17,6687768.367,394444.837,42.781,25.286,1.684,0.013,0.028,0.690,1.318,1.488,1.666,,10,6,0,0,0,0
134,,2019-05-24,09:34:39,FIXED,-1,17,6687768.369,394444.837,42.789,25.293,1.684,0.013,0.027,0.637,1.245,1.398,1.570,,10,6,0,0,0,0
135,,2019-05-24,09:34:40,FIXED,-1,17,6687768.368,394444.838,42.790,25.294,1.684,0.013,0.028,0.637,1.245,1.398,1.570,,10,6,0,0,0,0
136,,2019-05-24,09:34:41,FIXED,-1,17,6687768.369,394444.836,42.783,25.287,1.684,0.013,0.027,0.637,1.245,1.398,1.570,,10,6,0,0,0,0
137,,2019-05-24,09:34:42,FIXED,-1,17,6687768.369,394444.838,42.777,25.282,1.684,0.013,0.027,0.690,1.317,1.487,1.665,,10,6,0,0,0,0
138,,2019-05-24,09:34:43,FIXED,-1,17,6687768.372,394444.840,42.776,25.281,1.684,0.013,0.027,0.637,1.244,1.398,1.570,,10,6,0,0,0,0
139,,2019-05-24,09:34:44,FIXED,-1,17,6687768.370,394444.842,42.769,25.274,1.684,0.013,0.027,0.690,1.317,1.487,1.665,,10,6,0,0,0,0
140,,2019-05-24,09:34:45,FIXED,-1,17,6687768.371,394444.840,42.776,25.281,1.684,0.013,0.027,0.637,1.244,1.398,1.570,,10,6,0,0,0,0
141,,2019-05-24,09:34:46,FIXED,-1,17,6687768.368,394444.838,42.777,25.281,1.684,0.013,0.028,0.637,1.244,1.398,1.570,,10,6,0,0,0,0
142,,2019-05-24,09:34:47,FIXED,-1,17,6687768.371,394444.836,42.784,25.289,1.684,0.013,0.027,0.637,1.244,1.397,1.570,,10,6,0,0,0,0
143,,2019-05-24,09:34:48,FIXED,-1,17,6687768.371,394444.835,42.790,25.295,1.684,0.013,0.028,0.637,1.244,1.397,1.570,,10,6,0,0,0,0
144,,2019-05-24,09:34:49,FIXED,-1,17,6687768.369,394444.838,42.785,25.289,1.684,0.013,0.028,0.637,1.244,1.397,1.569,,10,6,0,0,0,0
145,,2019-05-24,09:34:50,FIXED,-1,17,6687768.368,394444.840,42.782,25.286,1.684,0.013,0.028,0.637,1.244,1.397,1.569,,10,6,0,0,0,0
146,,2019-05-24,09:34:51,FIXED,-1,17,6687768.364,394444.841,42.775,25.279,1.684,0.014,0.029,0.690,1.316,1.486,1.664,,10,6,0,0,0,0
147,,2019-05-24,09:34:52,FIXED,-1,17,6687768.366,394444.838,42.771,25.276,1.684,0.014,0.029,0.637,1.244,1.397,1.569,,10,6,0,0,0,0
148,,2019-05-24,09:34:53,FIXED,-1,17,6687768.367,394444.839,42.770,25.275,1.684,0.014,0.029,0.690,1.316,1.486,1.664,,10,6,0,0,0,0
149,,2019-05-24,09:34:54,FIXED,-1,17,6687768.368,394444.838,42.785,25.290,1.684,0.014,0.029,0.637,1.244,1.397,1.569,,10,6,0,0,0,0
150,,2019-05-24,09:34:55,FIXED,-1,17,6687768.366,394444.837,42.775,25.280,1.684,0.014,0.029,0.690,1.315,1.485,1.663,,10,6,0,0,0,0
151,,2019-05-24,09:34:56,FIXED,-1,17,6687768.366,394444.839,42.772,25.277,1.684,0.014,0.029,0.690,1.315,1.485,1.663,,10,6,0,0,0,0
152,,2019-05-24,09:34:57,FIXED,-1,17,6687768.369,394444.840,42.771,25.275,1.684,0.014,0.030,0.690,1.315,1.485,1.663,,10,6,0,0,0,0
153,,2019-05-24,09:34:58,FIXED,-1,17,6687768.370,394444.839,42.779,25.284,1.684,0.014,0.030,0.637,1.243,1.397,1.569,,10,6,0,0,0,0
154,,2019-05-24,09:34:59,FIXED,-1,17,6687768.369,394444.837,42.795,25.300,1.684,0.012,0.027,0.646,1.292,1.444,1.621,,10,5,0,0,0,0
155,,2019-05-24,09:35:00,FIXED,-1,17,6687768.368,394444.838,42.794,25.298,1.684,0.012,0.027,0.646,1.292,1.444,1.621,,10,5,0,0,0,0
156,,2019-05-24,09:35:01,FIXED,-1,17,6687768.371,394444.836,42.797,25.302,1.684,0.012,0.026,0.646,1.292,1.444,1.621,,10,5,0,0,0,0
157,,2019-05-24,09:35:02,FIXED,-1,17,6687768.374,394444.826,42.817,25.322,1.684,0.012,0.026,0.637,1.243,1.397,1.568,,10,6,0,0,0,0
158,,2019-05-24,09:35:03,FIXED,-1,17,6687768.372,394444.827,42.796,25.300,1.684,0.012,0.026,0.637,1.243,1.396,1.568,,10,6,0,0,0,0
159,,2019-05-24,09:35:04,FIXED,-1,17,6687768.370,394444.826,42.797,25.302,1.684,0.013,0.027,0.637,1.243,1.396,1.568,,10,6,0,0,0,0
160,,2019-05-24,09:35:05,FIXED,-1,17,6687768.373,394444.831,42.788,25.293,1.684,0.013,0.028,0.637,1.243,1.396,1.568,,10,6,0,0,0,0
161,,2019-05-24,09:35:06,FIXED,-1,17,6687768.373,394444.830,42.784,25.289,1.684,0.013,0.028,0.637,1.243,1.396,1.568,,10,6,0,0,0,0
162,,2019-05-24,09:35:07,FIXED,-1,17,6687768.371,394444.830,42.786,25.291,1.684,0.014,0.029,0.637,1.243,1.396,1.568,,10,6,0,0,0,0
163,,2019-05-24,09:35:08,FIXED,-1,17,6687768.371,394444.830,42.780,25.285,1.684,0.014,0.030,0.637,1.243,1.396,1.568,,10,6,0,0,0,0
164,,2019-05-24,09:35:09,FIXED,-1,17,6687768.373,394444.831,42.785,25.290,1.684,0.014,0.031,0.637,1.242,1.396,1.568,,10,6,0,0,0,0
165,,2019-05-24,09:35:10,FIXED,-1,17,6687768.373,394444.829,42.783,25.288,1.684,0.015,0.031,0.636,1.242,1.396,1.568,,10,6,0,0,0,0
166,,2019-05-24,09:35:11,FIXED,-1,17,6687768.373,394444.824,42.790,25.294,1.684,0.015,0.031,0.609,1.240,1.381,1.554,,10,7,0,0,0,0
167,,2019-05-24,09:35:12,FIXED,-1,17,6687768.374,394444.831,42.789,25.293,1.684,0.014,0.030,0.609,1.240,1.381,1.554,,10,6,0,0,0,0
168,,2019-05-24,09:35:13,FIXED,-1,17,6687768.371,394444.831,42.789,25.294,1.684,0.014,0.031,0.609,1.240,1.381,1.554,,10,7,0,0,0,0
169,,2019-05-24,09:35:14,FIXED,-1,17,6687768.379,394444.833,42.788,25.293,1.684,0.014,0.031,0.609,1.240,1.381,1.554,,10,7,0,0,0,0
170,,2019-05-24,09:35:15,FIXED,-1,17,6687768.377,394444.833,42.784,25.289,1.684,0.014,0.031,0.609,1.240,1.381,1.554,,10,7,0,0,0,0
171,,2019-05-24,09:35:16,FIXED,-1,17,6687768.378,394444.832,42.794,25.299,1.684,0.014,0.031,0.609,1.239,1.381,1.553,,10,7,0,0,0,0
172,,2019-05-24,09:35:17,FIXED,-1,17,6687768.379,394444.829,42.793,25.298,1.684,0.014,0.031,0.609,1.239,1.381,1.553,,10,7,0,0,0,0
173,,2019-05-24,09:35:18,FIXED,-1,17,6687768.378,394444.830,42.798,25.302,1.684,0.014,0.031,0.609,1.239,1.381,1.553,,10,7,0,0,0,0
174,,2019-05-24,09:35:19,FIXED,-1,17,6687768.376,394444.831,42.787,25.292,1.684,0.014,0.031,0.609,1.239,1.381,1.553,,10,7,0,0,0,0
175,,2019-05-24,09:35:20,FIXED,-1,17,6687768.378,394444.831,42.790,25.295,1.684,0.014,0.031,0.609,1.239,1.381,1.553,,10,7,0,0,0,0
176,,2019-05-24,09:35:21,FIXED,-1,17,6687768.375,394444.830,42.789,25.294,1.684,0.014,0.032,0.609,1.239,1.381,1.553,,10,7,0,0,0,0
177,,2019-05-24,09:35:22,FIXED,-1,17,6687768.376,394444.830,42.791,25.295,1.684,0.014,0.032,0.609,1.239,1.380,1.553,,10,7,0,0,0,0
178,,2019-05-24,09:35:23,FIXED,-1,17,6687768.380,394444.829,42.802,25.306,1.684,0.014,0.032,0.609,1.239,1.380,1.553,,9,7,0,0,0,0
179,,2019-05-24,09:35:24,FIXED,-1,17,6687768.377,394444.828,42.798,25.303,1.684,0.014,0.032,0.609,1.239,1.380,1.553,,9,7,0,0,0,0
180,,2019-05-24,09:35:25,FIXED,-1,17,6687768.374,394444.833,42.786,25.291,1.684,0.015,0.032,0.609,1.239,1.380,1.553,,10,7,0,0,0,0
181,,2019-05-24,09:35:26,FIXED,-1,17,6687768.379,394444.830,42.804,25.309,1.684,0.014,0.032,0.609,1.239,1.380,1.553,,9,7,0,0,0,0
182,,2019-05-24,09:35:27,FIXED,-1,17,6687768.379,394444.830,42.794,25.299,1.684,0.014,0.032,0.609,1.239,1.380,1.553,,10,7,0,0,0,0
183,,2019-05-24,09:35:28,FIXED,-1,17,6687768.379,394444.829,42.782,25.287,1.684,0.014,0.032,0.609,1.239,1.380,1.552,,10,7,0,0,0,0
184,,2019-05-24,09:35:29,FIXED,-1,17,6687768.379,394444.828,42.785,25.289,1.684,0.014,0.032,0.609,1.239,1.380,1.552,,10,7,0,0,0,0
185,,2019-05-24,09:35:30,FIXED,-1,17,6687768.376,394444.830,42.786,25.291,1.684,0.014,0.032,0.609,1.238,1.380,1.552,,10,7,0,0,0,0
186,,2019-05-24,09:35:31,FIXED,-1,17,6687768.376,394444.831,42.785,25.290,1.684,0.014,0.032,0.609,1.238,1.380,1.552,,10,7,0,0,0,0
187,,2019-05-24,09:35:32,FIXED,-1,17,6687768.378,394444.831,42.789,25.294,1.684,0.014,0.032,0.609,1.238,1.380,1.552,,10,7,0,0,0,0
188,,2019-05-24,09:35:33,FIXED,-1,17,6687768.376,394444.834,42.784,25.288,1.684,0.014,0.032,0.609,1.238,1.380,1.552,,10,7,0,0,0,0
189,,2019-05-24,09:35:34,FIXED,-1,17,6687768.377,394444.833,42.786,25.291,1.684,0.014,0.032,0.609,1.238,1.380,1.552,,10,7,0,0,0,0
190,,2019-05-24,09:35:35,FIXED,-1,17,6687768.377,394444.830,42.796,25.300,1.684,0.014,0.032,0.609,1.238,1.380,1.552,,9,7,0,0,0,0
191,,2019-05-24,09:35:36,FIXED,-1,17,6687768.380,394444.830,42.793,25.297,1.684,0.014,0.032,0.609,1.238,1.380,1.552,,10,7,0,0,0,0
192,,2019-05-24,09:35:37,FIXED,-1,17,6687768.376,394444.830,42.792,25.297,1.684,0.014,0.032,0.609,1.238,1.379,1.552,,10,7,0,0,0,0
193,,2019-05-24,09:35:38,FIXED,-1,17,6687768.378,394444.828,42.785,25.289,1.684,0.015,0.033,0.609,1.238,1.379,1.552,,10,7,0,0,0,0
194,,2019-05-24,09:35:39,FIXED,-1,17,6687768.380,394444.831,42.790,25.295,1.684,0.015,0.032,0.609,1.238,1.379,1.552,,10,7,0,0,0,0
195,,2019-05-24,09:35:40,FIXED,-1,17,6687768.376,394444.828,42.783,25.288,1.684,0.015,0.033,0.609,1.238,1.379,1.552,,10,7,0,0,0,0
196,,2019-05-24,09:35:41,FIXED,-1,17,6687768.376,394444.828,42.780,25.284,1.684,0.015,0.033,0.609,1.238,1.379,1.551,,10,7,0,0,0,0
197,,2019-05-24,09:35:42,FIXED,-1,17,6687768.377,394444.829,42.796,25.301,1.684,0.015,0.033,0.609,1.238,1.379,1.551,,10,7,0,0,0,0
198,,2019-05-24,09:35:43,FIXED,-1,17,6687768.375,394444.831,42.788,25.293,1.684,0.015,0.033,0.609,1.238,1.379,1.551,,10,7,0,0,0,0
199,,2019-05-24,09:35:44,FIXED,-1,17,6687768.377,394444.830,42.786,25.291,1.684,0.015,0.033,0.609,1.237,1.379,1.551,,10,7,0,0,0,0
200,,2019-05-24,09:35:45,FIXED,-1,17,6687768.382,394444.831,42.787,25.292,1.684,0.015,0.033,0.609,1.237,1.379,1.551,,10,7,0,0,0,0
201,,2019-05-24,09:35:46,FIXED,-1,17,6687768.380,394444.831,42.799,25.304,1.684,0.015,0.034,0.609,1.237,1.379,1.551,,10,7,0,0,0,0
202,,2019-05-24,09:35:47,FIXED,-1,17,6687768.381,394444.832,42.793,25.298,1.684,0.015,0.034,0.609,1.237,1.379,1.551,,10,7,0,0,0,0
203,,2019-05-24,09:35:48,FIXED,-1,17,6687768.380,394444.832,42.790,25.295,1.684,0.015,0.034,0.609,1.237,1.379,1.551,,10,7,0,0,0,0
204,,2019-05-24,09:35:49,FIXED,-1,17,6687768.377,394444.831,42.786,25.290,1.684,0.016,0.035,0.609,1.237,1.379,1.551,,10,7,0,0,0,0
205,,2019-05-24,09:35:50,FIXED,-1,17,6687768.379,394444.831,42.791,25.296,1.684,0.016,0.035,0.609,1.237,1.379,1.551,,10,7,0,0,0,0
206,,2019-05-24,09:35:51,FIXED,-1,17,6687768.381,394444.833,42.791,25.295,1.684,0.016,0.035,0.609,1.237,1.379,1.551,,10,7,0,0,0,0
207,,2019-05-24,09:35:52,FIXED,-1,17,6687768.384,394444.831,42.794,25.298,1.684,0.016,0.035,0.609,1.237,1.378,1.551,,10,7,0,0,0,0
208,,2019-05-24,09:35:53,FIXED,-1,17,6687768.383,394444.831,42.791,25.296,1.684,0.016,0.035,0.609,1.237,1.378,1.550,,10,7,0,0,0,0
209,,2019-05-24,09:35:54,FIXED,-1,17,6687768.385,394444.830,42.794,25.299,1.684,0.016,0.035,0.609,1.237,1.378,1.550,,10,7,0,0,0,0
210,,2019-05-24,09:35:55,FIXED,-1,17,6687768.384,394444.829,42.795,25.300,1.684,0.016,0.035,0.609,1.237,1.378,1.550,,10,7,0,0,0,0
211,,2019-05-24,09:35:56,FIXED,-1,17,6687768.384,394444.829,42.799,25.304,1.684,0.016,0.035,0.609,1.237,1.378,1.550,,10,7,0,0,0,0
212,,2019-05-24,09:35:57,FIXED,-1,17,6687768.382,394444.830,42.802,25.307,1.684,0.016,0.035,0.609,1.236,1.378,1.550,,10,7,0,0,0,0
213,,2019-05-24,09:35:58,FIXED,-1,17,6687768.384,394444.831,42.789,25.294,1.684,0.016,0.035,0.609,1.236,1.378,1.550,,10,7,0,0,0,0
214,,2019-05-24,09:35:59,FIXED,-1,17,6687768.384,394444.832,42.789,25.294,1.684,0.016,0.036,0.609,1.236,1.378,1.550,,10,7,0,0,0,0
215,,2019-05-24,09:36:00,FIXED,-1,17,6687768.384,394444.830,42.791,25.295,1.684,0.016,0.035,0.609,1.236,1.378,1.550,,10,7,0,0,0,0
216,,2019-05-24,09:36:01,FIXED,-1,17,6687768.385,394444.829,42.793,25.298,1.684,0.016,0.035,0.609,1.236,1.378,1.550,,10,7,0,0,0,0
217,,2019-05-24,09:36:02,FIXED,-1,17,6687768.385,394444.828,42.796,25.301,1.684,0.016,0.035,0.609,1.236,1.378,1.550,,10,7,0,0,0,0
218,,2019-05-24,09:36:03,FIXED,-1,17,6687768.384,394444.830,42.790,25.295,1.684,0.015,0.035,0.609,1.236,1.378,1.550,,10,7,0,0,0,0
219,,2019-05-24,09:36:04,FIXED,-1,17,6687768.382,394444.831,42.795,25.300,1.684,0.016,0.035,0.609,1.236,1.378,1.550,,10,7,0,0,0,0
220,,2019-05-24,09:36:05,FIXED,-1,17,6687768.383,394444.830,42.801,25.306,1.684,0.015,0.034,0.609,1.236,1.378,1.549,,10,7,0,0,0,0
221,,2019-05-24,09:36:06,FIXED,-1,17,6687768.385,394444.830,42.797,25.301,1.684,0.015,0.034,0.609,1.236,1.377,1.549,,10,7,0,0,0,0
222,,2019-05-24,09:36:07,FIXED,-1,17,6687768.386,394444.829,42.795,25.300,1.684,0.015,0.034,0.609,1.236,1.377,1.549,,10,7,0,0,0,0
223,,2019-05-24,09:36:08,FIXED,-1,17,6687768.382,394444.830,42.786,25.291,1.684,0.015,0.034,0.609,1.236,1.377,1.549,,10,7,0,0,0,0
224,,2019-05-24,09:36:09,FIXED,-1,17,6687768.386,394444.828,42.796,25.301,1.684,0.015,0.034,0.609,1.236,1.377,1.549,,10,7,0,0,0,0
225,,2019-05-24,09:36:10,FIXED,-1,17,6687768.386,394444.829,42.794,25.299,1.684,0.015,0.034,0.609,1.235,1.377,1.549,,10,7,0,0,0,0
226,,2019-05-24,09:36:11,FIXED,-1,17,6687768.383,394444.826,42.795,25.300,1.684,0.015,0.034,0.609,1.235,1.377,1.549,,10,7,0,0,0,0
227,,2019-05-24,09:36:12,FIXED,-1,17,6687768.385,394444.824,42.797,25.302,1.684,0.016,0.035,0.609,1.235,1.377,1.549,,10,7,0,0,0,0
228,,2019-05-24,09:36:13,FIXED,-1,17,6687768.385,394444.826,42.798,25.303,1.684,0.016,0.035,0.609,1.235,1.377,1.549,,10,7,0,0,0,0
229,,2019-05-24,09:36:14,FIXED,-1,17,6687768.383,394444.831,42.791,25.296,1.684,0.015,0.034,0.609,1.235,1.377,1.549,,10,7,0,0,0,0
230,,2019-05-24,09:36:15,FIXED,-1,17,6687768.384,394444.830,42.797,25.302,1.684,0.015,0.034,0.609,1.235,1.377,1.549,,10,7,0,0,0,0
231,,2019-05-24,09:36:16,FIXED,-1,17,6687768.381,394444.830,42.795,25.300,1.684,0.015,0.034,0.609,1.235,1.377,1.548,,10,7,0,0,0,0
232,,2019-05-24,09:36:17,FIXED,-1,17,6687768.383,394444.832,42.790,25.295,1.684,0.015,0.034,0.609,1.235,1.377,1.548,,10,7,0,0,0,0
233,,2019-05-24,09:36:18,FIXED,-1,17,6687768.382,394444.832,42.794,25.298,1.684,0.015,0.034,0.609,1.235,1.377,1.548,,10,7,0,0,0,0
234,,2019-05-24,09:36:19,FIXED,-1,17,6687768.382,394444.830,42.793,25.298,1.684,0.015,0.034,0.609,1.235,1.377,1.548,,10,7,0,0,0,0
235,,2019-05-24,09:36:20,FIXED,-1,17,6687768.383,394444.833,42.800,25.304,1.684,0.015,0.034,0.609,1.235,1.376,1.548,,10,7,0,0,0,0
236,,2019-05-24,09:36:21,FIXED,-1,17,6687768.383,394444.831,42.798,25.303,1.684,0.016,0.034,0.609,1.235,1.376,1.548,,10,7,0,0,0,0
237,,2019-05-24,09:36:22,FIXED,-1,17,6687768.382,394444.833,42.797,25.302,1.684,0.016,0.034,0.609,1.235,1.376,1.548,,10,7,0,0,0,0
238,,2019-05-24,09:36:23,FIXED,-1,17,6687768.380,394444.834,42.794,25.299,1.684,0.015,0.034,0.608,1.234,1.376,1.548,,10,7,0,0,0,0
239,,2019-05-24,09:36:24,FIXED,-1,17,6687768.381,394444.834,42.791,25.296,1.684,0.015,0.034,0.608,1.234,1.376,1.548,,10,7,0,0,0,0
240,,2019-05-24,09:36:25,FIXED,-1,17,6687768.382,394444.830,42.797,25.302,1.684,0.015,0.034,0.608,1.234,1.376,1.548,,10,7,0,0,0,0
241,,2019-05-24,09:36:26,FIXED,-1,17,6687768.385,394444.830,42.806,25.311,1.684,0.015,0.034,0.608,1.234,1.376,1.548,,10,7,0,0,0,0
242,,2019-05-24,09:36:27,FIXED,-1,17,6687768.386,394444.833,42.804,25.308,1.684,0.015,0.033,0.608,1.234,1.376,1.548,,10,7,0,0,0,0
243,,2019-05-24,09:36:28,FIXED,-1,17,6687768.382,394444.834,42.778,25.283,1.684,0.015,0.033,0.608,1.234,1.376,1.547,,10,7,0,0,0,0
244,,2019-05-24,09:36:29,FIXED,-1,17,6687768.381,394444.832,42.783,25.288,1.684,0.015,0.032,0.608,1.234,1.376,1.547,,10,7,0,0,0,0
245,,2019-05-24,09:36:30,FIXED,-1,17,6687768.379,394444.833,42.792,25.297,1.684,0.015,0.032,0.608,1.234,1.376,1.547,,10,7,0,0,0,0
246,,2019-05-24,09:36:31,FIXED,-1,17,6687768.383,394444.834,42.796,25.301,1.684,0.015,0.032,0.608,1.234,1.376,1.547,,10,7,0,0,0,0
247,,2019-05-24,09:36:32,FIXED,-1,17,6687768.382,394444.834,42.801,25.305,1.684,0.014,0.032,0.608,1.234,1.376,1.547,,10,7,0,0,0,0
248,,2019-05-24,09:36:33,FIXED,-1,17,6687768.379,394444.831,42.789,25.294,1.684,0.015,0.032,0.636,1.236,1.390,1.560,,10,6,0,0,0,0
249,,2019-05-24,09:36:34,FIXED,-1,17,6687768.379,394444.829,42.794,25.299,1.684,0.016,0.033,0.636,1.236,1.390,1.560,,9,6,0,0,0,0
250,,2019-05-24,09:36:35,FIXED,-1,17,6687768.380,394444.835,42.790,25.294,1.684,0.016,0.032,0.636,1.236,1.390,1.560,,10,6,0,0,0,0
251,,2019-05-24,09:36:36,FIXED,-1,17,6687768.381,394444.833,42.791,25.296,1.684,0.015,0.032,0.636,1.235,1.389,1.560,,10,6,0,0,0,0
252,,2019-05-24,09:36:37,FIXED,-1,17,6687768.380,394444.834,42.791,25.295,1.684,0.015,0.032,0.636,1.235,1.389,1.560,,10,6,0,0,0,0
253,,2019-05-24,09:36:38,FIXED,-1,17,6687768.379,394444.834,42.793,25.298,1.684,0.015,0.032,0.636,1.235,1.389,1.560,,10,6,0,0,0,0
254,,2019-05-24,09:36:39,FIXED,-1,17,6687768.380,394444.829,42.798,25.303,1.684,0.015,0.031,0.636,1.235,1.389,1.560,,10,6,0,0,0,0
255,,2019-05-24,09:36:40,FIXED,-1,17,6687768.382,394444.829,42.807,25.312,1.684,0.015,0.031,0.636,1.235,1.389,1.560,,10,6,0,0,0,0
256,,2019-05-24,09:36:41,FIXED,-1,17,6687768.381,394444.830,42.793,25.298,1.684,0.015,0.031,0.636,1.235,1.389,1.559,,10,6,0,0,0,0
257,,2019-05-24,09:36:42,FIXED,-1,17,6687768.382,394444.828,42.790,25.294,1.684,0.015,0.031,0.636,1.235,1.389,1.559,,10,6,0,0,0,0
258,,2019-05-24,09:36:43,FIXED,-1,17,6687768.381,394444.829,42.788,25.293,1.684,0.015,0.030,0.636,1.235,1.389,1.559,,10,6,0,0,0,0
259,,2019-05-24,09:36:44,FIXED,-1,17,6687768.377,394444.832,42.793,25.298,1.684,0.015,0.030,0.636,1.235,1.389,1.559,,10,6,0,0,0,0
260,,2019-05-24,09:36:45,FIXED,-1,17,6687768.379,394444.831,42.794,25.299,1.684,0.014,0.030,0.636,1.235,1.389,1.559,,10,6,0,0,0,0
261,,2019-05-24,09:36:46,FIXED,-1,17,6687768.378,394444.830,42.792,25.296,1.684,0.014,0.030,0.636,1.235,1.389,1.559,,10,6,0,0,0,0
262,,2019-05-24,09:36:47,FIXED,-1,17,6687768.380,394444.830,42.797,25.302,1.684,0.014,0.030,0.636,1.234,1.389,1.559,,10,6,0,0,0,0
263,,2019-05-24,09:36:48,FIXED,-1,17,6687768.379,394444.829,42.791,25.295,1.684,0.014,0.029,0.636,1.234,1.388,1.559,,10,6,0,0,0,0
264,,2019-05-24,09:36:49,FIXED,-1,17,6687768.380,394444.829,42.784,25.289,1.684,0.014,0.030,0.636,1.234,1.388,1.559,,10,6,0,0,0,0
265,,2019-05-24,09:36:50,FIXED,-1,17,6687768.379,394444.829,42.794,25.299,1.684,0.014,0.030,0.636,1.234,1.388,1.559,,10,6,0,0,0,0
266,,2019-05-24,09:36:51,FIXED,-1,17,6687768.376,394444.830,42.791,25.295,1.684,0.014,0.030,0.636,1.234,1.388,1.558,,10,6,0,0,0,0
267,,2019-05-24,09:36:52,FIXED,-1,17,6687768.376,394444.833,42.789,25.294,1.684,0.014,0.030,0.636,1.234,1.388,1.558,,10,6,0,0,0,0
268,,2019-05-24,09:36:53,FIXED,-1,17,6687768.378,394444.830,42.791,25.296,1.684,0.014,0.030,0.636,1.234,1.388,1.558,,10,6,0,0,0,0
269,,2019-05-24,09:36:54,FIXED,-1,17,6687768.380,394444.832,42.785,25.290,1.684,0.014,0.029,0.636,1.234,1.388,1.558,,10,6,0,0,0,0
270,,2019-05-24,09:36:55,FIXED,-1,17,6687768.380,394444.831,42.788,25.292,1.684,0.014,0.030,0.636,1.234,1.388,1.558,,10,6,0,0,0,0
271,,2019-05-24,09:36:56,FIXED,-1,17,6687768.381,394444.830,42.790,25.295,1.684,0.014,0.030,0.636,1.234,1.388,1.558,,10,6,0,0,0,0
272,,2019-05-24,09:36:57,FIXED,-1,17,6687768.379,394444.830,42.794,25.299,1.684,0.014,0.030,0.636,1.234,1.388,1.558,,10,6,0,0,0,0
273,,2019-05-24,09:36:58,FIXED,-1,17,6687768.380,394444.831,42.788,25.293,1.684,0.014,0.030,0.636,1.233,1.388,1.558,,10,6,0,0,0,0
274,,2019-05-24,09:36:59,FIXED,-1,17,6687768.379,394444.833,42.790,25.294,1.684,0.014,0.030,0.636,1.233,1.388,1.558,,10,6,0,0,0,0
275,,2019-05-24,09:37:00,FIXED,-1,17,6687768.381,394444.832,42.791,25.296,1.684,0.014,0.030,0.636,1.233,1.387,1.558,,10,6,0,0,0,0
276,,2019-05-24,09:37:01,FIXED,-1,17,6687768.383,394444.833,42.794,25.298,1.684,0.014,0.030,0.636,1.233,1.387,1.557,,10,6,0,0,0,0
277,,2019-05-24,09:37:02,FIXED,-1,17,6687768.377,394444.833,42.783,25.288,1.684,0.013,0.027,0.636,1.233,1.387,1.557,,10,6,0,0,0,0
278,,2019-05-24,09:37:03,FIXED,-1,17,6687768.379,394444.830,42.786,25.291,1.684,0.013,0.028,0.636,1.233,1.387,1.557,,10,6,0,0,0,0
279,,2019-05-24,09:37:04,FIXED,-1,17,6687768.380,394444.829,42.789,25.294,1.684,0.013,0.028,0.636,1.233,1.387,1.557,,10,6,0,0,0,0
280,,2019-05-24,09:37:05,FIXED,-1,17,6687768.381,394444.830,42.790,25.295,1.684,0.014,0.028,0.636,1.233,1.387,1.557,,10,6,0,0,0,0
281,,2019-05-24,09:37:06,FIXED,-1,17,6687768.379,394444.831,42.785,25.289,1.684,0.014,0.028,0.636,1.233,1.387,1.557,,10,6,0,0,0,0
282,,2019-05-24,09:37:07,FIXED,-1,17,6687768.377,394444.832,42.787,25.291,1.684,0.014,0.028,0.636,1.233,1.387,1.557,,10,6,0,0,0,0
283,,2019-05-24,09:37:08,FIXED,-1,17,6687768.376,394444.832,42.783,25.288,1.684,0.014,0.029,0.636,1.233,1.387,1.557,,10,6,0,0,0,0
284,,2019-05-24,09:37:09,FIXED,-1,17,6687768.378,394444.834,42.785,25.290,1.684,0.014,0.029,0.636,1.232,1.387,1.557,,10,6,0,0,0,0
285,,2019-05-24,09:37:10,FIXED,-1,17,6687768.376,394444.836,42.778,25.283,1.684,0.014,0.029,0.636,1.232,1.387,1.557,,10,6,0,0,0,0
286,,2019-05-24,09:37:11,FIXED,-1,17,6687768.379,394444.833,42.786,25.291,1.684,0.014,0.029,0.636,1.232,1.387,1.556,,10,6,0,0,0,0
287,,2019-05-24,09:37:12,FIXED,-1,17,6687768.377,394444.830,42.784,25.288,1.684,0.014,0.029,0.636,1.232,1.386,1.556,,10,6,0,0,0,0
288,,2019-05-24,09:37:13,FIXED,-1,17,6687768.377,394444.834,42.784,25.288,1.684,0.014,0.029,0.636,1.232,1.386,1.556,,10,6,0,0,0,0
289,,2019-05-24,09:37:14,FIXED,-1,17,6687768.378,394444.835,42.779,25.284,1.684,0.014,0.029,0.636,1.232,1.386,1.556,,10,6,0,0,0,0
290,,2019-05-24,09:37:15,FIXED,-1,17,6687768.376,394444.835,42.785,25.290,1.684,0.014,0.029,0.636,1.232,1.386,1.556,,10,6,0,0,0,0
291,,2019-05-24,09:37:16,FIXED,-1,17,6687768.376,394444.830,42.786,25.291,1.684,0.014,0.029,0.636,1.232,1.386,1.556,,10,6,0,0,0,0
292,,2019-05-24,09:37:17,FIXED,-1,17,6687768.377,394444.830,42.777,25.282,1.684,0.014,0.029,0.636,1.232,1.386,1.556,,10,6,0,0,0,0
293,,2019-05-24,09:37:18,FIXED,-1,17,6687768.379,394444.831,42.777,25.282,1.684,0.014,0.029,0.636,1.232,1.386,1.556,,10,6,0,0,0,0
294,,2019-05-24,09:37:19,FIXED,-1,17,6687768.377,394444.832,42.779,25.283,1.684,0.014,0.029,0.636,1.232,1.386,1.556,,10,6,0,0,0,0
295,,2019-05-24,09:37:20,FIXED,-1,17,6687768.373,394444.831,42.789,25.294,1.684,0.014,0.029,0.636,1.231,1.386,1.555,,10,6,0,0,0,0
296,,2019-05-24,09:37:21,FIXED,-1,17,6687768.374,394444.834,42.773,25.277,1.684,0.014,0.028,0.635,1.231,1.386,1.555,,10,6,0,0,0,0
297,,2019-05-24,09:37:22,FIXED,-1,17,6687768.376,394444.836,42.790,25.295,1.684,0.014,0.028,0.635,1.231,1.386,1.555,,10,6,0,0,0,0
298,,2019-05-24,09:37:23,FIXED,-1,17,6687768.373,394444.831,42.782,25.286,1.684,0.014,0.028,0.635,1.231,1.385,1.555,,10,6,0,0,0,0
299,,2019-05-24,09:37:24,FIXED,-1,17,6687768.377,394444.830,42.785,25.289,1.684,0.013,0.028,0.635,1.231,1.385,1.555,,10,6,0,0,0,0
300,,2019-05-24,09:37:25,FIXED,-1,17,6687768.376,394444.830,42.779,25.284,1.684,0.014,0.028,0.635,1.231,1.385,1.555,,10,6,0,0,0,0
301,,2019-05-24,09:37:26,FIXED,-1,17,6687768.379,394444.833,42.787,25.292,1.684,0.014,0.028,0.635,1.231,1.385,1.555,,10,6,0,0,0,0
302,,2019-05-24,09:37:27,FIXED,-1,17,6687768.377,394444.831,42.791,25.295,1.684,0.014,0.028,0.635,1.231,1.385,1.555,,10,6,0,0,0,0
303,,2019-05-24,09:37:28,FIXED,-1,17,6687768.375,394444.832,42.788,25.293,1.684,0.014,0.028,0.635,1.231,1.385,1.555,,10,6,0,0,0,0
304,,2019-05-24,09:37:29,FIXED,-1,17,6687768.376,394444.830,42.786,25.290,1.684,0.014,0.028,0.635,1.231,1.385,1.555,,10,6,0,0,0,0
305,,2019-05-24,09:37:30,FIXED,-1,17,6687768.377,394444.829,42.782,25.287,1.684,0.014,0.029,0.635,1.230,1.385,1.554,,10,6,0,0,0,0
306,,2019-05-24,09:37:31,FIXED,-1,17,6687768.376,394444.831,42.788,25.293,1.684,0.014,0.029,0.635,1.230,1.385,1.554,,10,6,0,0,0,0
307,,2019-05-24,09:37:32,FIXED,-1,17,6687768.377,394444.830,42.800,25.305,1.684,0.014,0.029,0.635,1.230,1.385,1.554,,10,6,0,0,0,0
308,,2019-05-24,09:37:33,FIXED,-1,17,6687768.377,394444.830,42.799,25.303,1.684,0.014,0.029,0.635,1.230,1.385,1.554,,10,6,0,0,0,0
309,,2019-05-24,09:37:34,FIXED,-1,17,6687768.376,394444.829,42.798,25.303,1.684,0.014,0.029,0.635,1.230,1.385,1.554,,10,6,0,0,0,0
310,,2019-05-24,09:37:35,FIXED,-1,17,6687768.380,394444.831,42.798,25.302,1.684,0.014,0.029,0.635,1.230,1.384,1.554,,10,6,0,0,0,0
311,,2019-05-24,09:37:36,FIXED,-1,17,6687768.379,394444.830,42.795,25.300,1.684,0.014,0.030,0.635,1.230,1.384,1.554,,10,6,0,0,0,0
312,,2019-05-24,09:37:37,FIXED,-1,17,6687768.380,394444.829,42.793,25.298,1.684,0.015,0.030,0.635,1.230,1.384,1.554,,10,6,0,0,0,0
313,,2019-05-24,09:37:38,FIXED,-1,17,6687768.379,394444.829,42.801,25.306,1.684,0.015,0.031,0.635,1.230,1.384,1.554,,10,6,0,0,0,0
314,,2019-05-24,09:37:39,FIXED,-1,17,6687768.381,394444.835,42.790,25.295,1.684,0.015,0.031,0.635,1.230,1.384,1.553,,10,6,0,0,0,0
315,,2019-05-24,09:37:40,FIXED,-1,17,6687768.380,394444.835,42.789,25.293,1.684,0.015,0.031,0.635,1.230,1.384,1.553,,10,6,0,0,0,0
316,,2019-05-24,09:37:41,FIXED,-1,17,6687768.379,394444.834,42.784,25.288,1.684,0.015,0.031,0.635,1.229,1.384,1.553,,10,6,0,0,0,0
317,,2019-05-24,09:37:42,FIXED,-1,17,6687768.381,394444.834,42.791,25.296,1.684,0.015,0.031,0.635,1.229,1.384,1.553,,10,6,0,0,0,0
318,,2019-05-24,09:37:43,FIXED,-1,17,6687768.378,394444.836,42.791,25.296,1.684,0.015,0.032,0.635,1.229,1.384,1.553,,10,6,0,0,0,0
319,,2019-05-24,09:37:44,FIXED,-1,17,6687768.379,394444.833,42.793,25.298,1.684,0.015,0.032,0.635,1.229,1.384,1.553,,10,6,0,0,0,0
320,,2019-05-24,09:37:45,FIXED,-1,17,6687768.380,394444.833,42.796,25.301,1.684,0.016,0.032,0.635,1.229,1.384,1.553,,10,6,0,0,0,0
321,,2019-05-24,09:37:46,FIXED,-1,17,6687768.381,394444.832,42.795,25.300,1.684,0.016,0.033,0.635,1.229,1.383,1.553,,10,6,0,0,0,0
322,,2019-05-24,09:37:47,FIXED,-1,17,6687768.379,394444.834,42.802,25.307,1.684,0.016,0.032,0.635,1.229,1.383,1.553,,10,6,0,0,0,0
323,,2019-05-24,09:37:48,FIXED,-1,17,6687768.380,394444.834,42.791,25.296,1.684,0.016,0.032,0.635,1.229,1.383,1.553,,10,6,0,0,0,0
324,,2019-05-24,09:37:49,FIXED,-1,17,6687768.379,394444.834,42.797,25.302,1.684,0.015,0.032,0.635,1.229,1.383,1.552,,10,6,0,0,0,0
325,,2019-05-24,09:37:50,FIXED,-1,17,6687768.377,394444.834,42.796,25.301,1.684,0.016,0.032,0.635,1.229,1.383,1.552,,10,6,0,0,0,0
326,,2019-05-24,09:37:51,FIXED,-1,17,6687768.377,394444.835,42.789,25.294,1.684,0.016,0.033,0.635,1.228,1.383,1.552,,10,6,0,0,0,0
327,,2019-05-24,09:37:52,FIXED,-1,17,6687768.379,394444.838,42.789,25.293,1.684,0.016,0.033,0.635,1.228,1.383,1.552,,10,6,0,0,0,0
328,,2019-05-24,09:37:53,FIXED,-1,17,6687768.382,394444.833,42.791,25.296,1.684,0.016,0.033,0.635,1.228,1.383,1.552,,10,5,0,0,0,0
329,,2019-05-24,09:37:54,FIXED,-1,17,6687768.381,394444.833,42.797,25.302,1.684,0.016,0.033,0.635,1.228,1.383,1.552,,10,6,0,0,0,0
330,,2019-05-24,09:37:55,FIXED,-1,17,6687768.379,394444.831,42.793,25.298,1.684,0.016,0.033,0.635,1.228,1.383,1.552,,10,6,0,0,0,0
331,,2019-05-24,09:37:56,FIXED,-1,17,6687768.379,394444.835,42.796,25.301,1.684,0.016,0.033,0.635,1.228,1.383,1.552,,10,6,0,0,0,0
332,,2019-05-24,09:37:57,FIXED,-1,17,6687768.378,394444.836,42.790,25.295,1.684,0.016,0.033,0.635,1.228,1.382,1.552,,10,6,0,0,0,0
333,,2019-05-24,09:37:58,FIXED,-1,17,6687768.378,394444.833,42.785,25.290,1.684,0.015,0.032,0.635,1.228,1.382,1.551,,10,6,0,0,0,0
334,,2019-05-24,09:37:59,FIXED,-1,17,6687768.378,394444.833,42.783,25.287,1.684,0.016,0.032,0.635,1.228,1.382,1.551,,10,6,0,0,0,0
335,,2019-05-24,09:38:00,FIXED,-1,17,6687768.378,394444.834,42.782,25.287,1.684,0.016,0.033,0.635,1.228,1.382,1.551,,10,6,0,0,0,0
336,,2019-05-24,09:38:01,FIXED,-1,17,6687768.380,394444.838,42.788,25.292,1.684,0.016,0.033,0.635,1.227,1.382,1.551,,10,6,0,0,0,0
337,,2019-05-24,09:38:02,FIXED,-1,17,6687768.380,394444.837,42.789,25.294,1.684,0.016,0.033,0.608,1.226,1.368,1.538,,10,7,0,0,0,0
338,,2019-05-24,09:38:03,FIXED,-1,17,6687768.383,394444.836,42.797,25.301,1.684,0.014,0.032,0.608,1.226,1.368,1.538,,10,7,0,0,0,0
339,,2019-05-24,09:38:04,FIXED,-1,17,6687768.381,394444.835,42.790,25.295,1.684,0.014,0.031,0.608,1.226,1.368,1.538,,10,7,0,0,0,0
340,,2019-05-24,09:38:05,FIXED,-1,17,6687768.381,394444.835,42.781,25.286,1.684,0.014,0.031,0.608,1.226,1.368,1.538,,10,7,0,0,0,0
341,,2019-05-24,09:38:06,FIXED,-1,17,6687768.379,394444.835,42.795,25.299,1.684,0.014,0.032,0.608,1.225,1.368,1.538,,10,7,0,0,0,0
342,,2019-05-24,09:38:07,FIXED,-1,17,6687768.379,394444.832,42.787,25.292,1.684,0.014,0.031,0.608,1.225,1.368,1.538,,10,7,0,0,0,0
343,,2019-05-24,09:38:08,FIXED,-1,17,6687768.380,394444.832,42.787,25.292,1.684,0.014,0.031,0.608,1.225,1.368,1.538,,10,7,0,0,0,0
344,,2019-05-24,09:38:09,FIXED,-1,17,6687768.381,394444.833,42.781,25.286,1.684,0.014,0.031,0.608,1.225,1.368,1.538,,10,7,0,0,0,0
345,,2019-05-24,09:38:10,FIXED,-1,17,6687768.384,394444.830,42.787,25.292,1.684,0.014,0.031,0.608,1.225,1.368,1.538,,10,7,0,0,0,0
346,,2019-05-24,09:38:11,FIXED,-1,17,6687768.379,394444.829,42.776,25.280,1.684,0.014,0.031,0.608,1.225,1.368,1.537,,10,7,0,0,0,0
347,,2019-05-24,09:38:12,FIXED,-1,17,6687768.378,394444.832,42.775,25.280,1.684,0.014,0.032,0.608,1.225,1.368,1.537,,10,7,0,0,0,0
348,,2019-05-24,09:38:13,FIXED,-1,17,6687768.383,394444.832,42.785,25.289,1.684,0.015,0.032,0.608,1.225,1.367,1.537,,10,7,0,0,0,0
349,,2019-05-24,09:38:14,FIXED,-1,17,6687768.378,394444.832,42.779,25.284,1.684,0.015,0.032,0.608,1.225,1.367,1.537,,10,7,0,0,0,0
350,,2019-05-24,09:38:15,FIXED,-1,17,6687768.380,394444.831,42.779,25.284,1.684,0.015,0.032,0.608,1.225,1.367,1.537,,10,7,0,0,0,0
351,,2019-05-24,09:38:16,FIXED,-1,17,6687768.377,394444.830,42.775,25.279,1.684,0.015,0.033,0.608,1.224,1.367,1.537,,10,7,0,0,0,0
352,,2019-05-24,09:38:17,FIXED,-1,17,6687768.374,394444.830,42.777,25.282,1.684,0.015,0.033,0.608,1.224,1.367,1.537,,10,7,0,0,0,0
353,,2019-05-24,09:38:18,FIXED,-1,17,6687768.376,394444.833,42.773,25.278,1.684,0.015,0.033,0.608,1.224,1.367,1.537,,10,7,0,0,0,0
354,,2019-05-24,09:38:19,FIXED,-1,17,6687768.375,394444.835,42.769,25.274,1.684,0.015,0.033,0.608,1.224,1.367,1.537,,10,7,0,0,0,0
355,,2019-05-24,09:38:20,FIXED,-1,17,6687768.376,394444.832,42.779,25.283,1.684,0.015,0.033,0.608,1.224,1.367,1.537,,10,7,0,0,0,0
356,,2019-05-24,09:38:21,FIXED,-1,17,6687768.375,394444.831,42.777,25.282,1.684,0.015,0.033,0.608,1.224,1.367,1.536,,10,7,0,0,0,0
357,,2019-05-24,09:38:22,FIXED,-1,17,6687768.373,394444.832,42.770,25.275,1.684,0.015,0.033,0.608,1.224,1.367,1.536,,10,7,0,0,0,0
358,,2019-05-24,09:38:23,FIXED,-1,17,6687768.374,394444.831,42.767,25.272,1.684,0.015,0.033,0.608,1.224,1.367,1.536,,10,7,0,0,0,0
359,,2019-05-24,09:38:24,FIXED,-1,17,6687768.380,394444.834,42.778,25.283,1.684,0.016,0.037,0.692,1.601,1.744,1.957,,10,6,0,0,0,0
360,,2019-05-24,09:38:25,FIXED,-1,17,6687768.379,394444.835,42.785,25.290,1.684,0.016,0.037,0.692,1.601,1.744,1.957,,10,6,0,0,0,0
361,,2019-05-24,09:38:26,FIXED,-1,17,6687768.383,394444.835,42.798,25.302,1.684,0.016,0.037,0.692,1.601,1.744,1.958,,10,6,0,0,0,0
362,,2019-05-24,09:38:27,FIXED,-1,17,6687768.380,394444.830,42.797,25.302,1.684,0.016,0.037,0.692,1.601,1.744,1.958,,10,6,0,0,0,0
363,,2019-05-24,09:38:28,FIXED,-1,17,6687768.384,394444.827,42.802,25.307,1.684,0.016,0.037,0.692,1.602,1.744,1.958,,10,6,0,0,0,0
364,,2019-05-24,09:38:29,FIXED,-1,17,6687768.381,394444.826,42.801,25.306,1.684,0.016,0.037,0.692,1.602,1.745,1.958,,10,6,0,0,0,0
365,,2019-05-24,09:38:30,FIXED,-1,17,6687768.380,394444.832,42.790,25.295,1.684,0.016,0.037,0.692,1.602,1.745,1.958,,10,6,0,0,0,0
366,,2019-05-24,09:38:31,FIXED,-1,17,6687768.382,394444.834,42.785,25.290,1.684,0.016,0.037,0.692,1.602,1.745,1.958,,10,6,0,0,0,0
367,,2019-05-24,09:38:32,FIXED,-1,17,6687768.382,394444.834,42.795,25.300,1.684,0.016,0.037,0.692,1.602,1.745,1.958,,10,6,0,0,0,0
368,,2019-05-24,09:38:33,FIXED,-1,17,6687768.379,394444.832,42.785,25.290,1.684,0.016,0.037,0.692,1.602,1.745,1.958,,10,6,0,0,0,0
369,,2019-05-24,09:38:34,FIXED,-1,17,6687768.382,394444.834,42.794,25.299,1.684,0.016,0.037,0.692,1.602,1.745,1.958,,10,5,0,0,0,0
370,,2019-05-24,09:38:35,FIXED,-1,17,6687768.380,394444.832,42.797,25.301,1.684,0.016,0.037,0.692,1.602,1.745,1.958,,10,6,0,0,0,0
371,,2019-05-24,09:38:36,FIXED,-1,17,6687768.379,394444.837,42.791,25.296,1.684,0.016,0.037,0.692,1.602,1.745,1.958,,10,6,0,0,0,0
372,,2019-05-24,09:38:37,FIXED,-1,17,6687768.377,394444.834,42.794,25.298,1.684,0.016,0.037,0.692,1.602,1.745,1.958,,10,5,0,0,0,0
373,,2019-05-24,09:38:38,FIXED,-1,17,6687768.375,394444.832,42.787,25.292,1.684,0.016,0.038,0.692,1.602,1.745,1.958,,10,5,0,0,0,0
374,,2019-05-24,09:38:39,FIXED,-1,17,6687768.376,394444.834,42.801,25.306,1.684,0.016,0.038,0.692,1.602,1.745,1.958,,10,6,0,0,0,0
375,,2019-05-24,09:38:40,FIXED,-1,17,6687768.375,394444.832,42.795,25.299,1.684,0.016,0.038,0.692,1.602,1.745,1.958,,10,6,0,0,0,0
376,,2019-05-24,09:38:41,FIXED,-1,17,6687768.378,394444.833,42.805,25.310,1.684,0.017,0.039,0.692,1.602,1.745,1.958,,10,6,0,0,0,0
377,,2019-05-24,09:38:42,FIXED,-1,17,6687768.378,394444.833,42.802,25.307,1.684,0.017,0.039,0.692,1.602,1.745,1.958,,10,6,0,0,0,0
378,,2019-05-24,09:38:43,FIXED,-1,17,6687768.378,394444.835,42.785,25.290,1.684,0.017,0.040,0.608,1.222,1.365,1.534,,10,7,0,0,0,0
379,,2019-05-24,09:38:44,FIXED,-1,17,6687768.379,394444.834,42.796,25.300,1.684,0.017,0.040,0.692,1.603,1.745,1.959,,10,6,0,0,0,0
380,,2019-05-24,09:38:45,FIXED,-1,17,6687768.377,394444.835,42.787,25.292,1.684,0.017,0.040,0.692,1.603,1.746,1.959,,10,5,0,0,0,0
381,,2019-05-24,09:38:46,FIXED,-1,17,6687768.380,394444.832,42.799,25.303,1.684,0.017,0.040,0.692,1.603,1.746,1.959,,10,6,0,0,0,0
382,,2019-05-24,09:38:47,FIXED,-1,17,6687768.376,394444.836,42.791,25.296,1.684,0.017,0.040,0.692,1.603,1.746,1.959,,10,6,0,0,0,0
383,,2019-05-24,09:38:48,FIXED,-1,17,6687768.378,394444.836,42.796,25.301,1.684,0.018,0.040,0.692,1.603,1.746,1.959,,10,6,0,0,0,0
384,,2019-05-24,09:38:49,FIXED,-1,17,6687768.376,394444.838,42.791,25.296,1.684,0.018,0.041,0.692,1.603,1.746,1.959,,10,6,0,0,0,0
385,,2019-05-24,09:38:50,FIXED,-1,17,6687768.380,394444.838,42.793,25.297,1.684,0.018,0.041,0.692,1.603,1.746,1.959,,10,6,0,0,0,0
386,,2019-05-24,09:38:51,FIXED,-1,17,6687768.381,394444.836,42.794,25.298,1.684,0.018,0.041,0.692,1.603,1.746,1.959,,10,6,0,0,0,0
387,,2019-05-24,09:38:52,FIXED,-1,17,6687768.379,394444.835,42.794,25.299,1.684,0.018,0.042,0.608,1.221,1.364,1.533,,10,7,0,0,0,0
388,,2019-05-24,09:38:53,FIXED,-1,17,6687768.379,394444.836,42.794,25.299,1.684,0.018,0.042,0.608,1.221,1.364,1.533,,10,7,0,0,0,0
389,,2019-05-24,09:38:54,FIXED,-1,17,6687768.379,394444.834,42.792,25.296,1.684,0.018,0.042,0.692,1.603,1.746,1.959,,10,6,0,0,0,0
390,,2019-05-24,09:38:55,FIXED,-1,17,6687768.379,394444.835,42.785,25.289,1.684,0.018,0.042,0.692,1.603,1.746,1.959,,10,6,0,0,0,0
391,,2019-05-24,09:38:56,FIXED,-1,17,6687768.381,394444.836,42.785,25.290,1.684,0.018,0.042,0.692,1.603,1.746,1.959,,10,6,0,0,0,0
392,,2019-05-24,09:38:57,FIXED,-1,17,6687768.382,394444.835,42.787,25.292,1.684,0.018,0.042,0.608,1.220,1.364,1.533,,10,7,0,0,0,0
393,,2019-05-24,09:38:58,FIXED,-1,17,6687768.372,394444.837,42.772,25.277,1.684,0.017,0.037,0.608,1.220,1.363,1.532,,10,7,0,0,0,0
394,,2019-05-24,09:38:59,FIXED,-1,17,6687768.371,394444.836,42.770,25.274,1.684,0.017,0.037,0.608,1.220,1.363,1.532,,10,7,0,0,0,0
395,,2019-05-24,09:39:00,FIXED,-1,17,6687768.367,394444.835,42.762,25.267,1.684,0.017,0.038,0.608,1.220,1.363,1.532,,10,7,0,0,0,0
396,,2019-05-24,09:39:01,FIXED,-1,17,6687768.374,394444.836,42.772,25.277,1.684,0.017,0.038,0.608,1.220,1.363,1.532,,10,7,0,0,0,0
397,,2019-05-24,09:39:02,FIXED,-1,17,6687768.374,394444.834,42.767,25.271,1.684,0.017,0.038,0.608,1.220,1.363,1.532,,10,7,0,0,0,0
398,,2019-05-24,09:39:03,FIXED,-1,17,6687768.372,394444.829,42.756,25.260,1.684,0.017,0.038,0.608,1.220,1.363,1.532,,10,7,0,0,0,0
399,,2019-05-24,09:39:04,FIXED,-1,17,6687768.377,394444.830,42.777,25.282,1.684,0.017,0.038,0.608,1.220,1.363,1.532,,10,7,0,0,0,0
400,,2019-05-24,09:39:05,FIXED,-1,17,6687768.373,394444.831,42.776,25.280,1.684,0.017,0.038,0.608,1.220,1.363,1.532,,10,7,0,0,0,0
401,,2019-05-24,09:39:06,FIXED,-1,17,6687768.375,394444.830,42.765,25.270,1.684,0.017,0.038,0.608,1.219,1.363,1.532,,10,7,0,0,0,0
402,,2019-05-24,09:39:07,FIXED,-1,17,6687768.373,394444.828,42.770,25.274,1.684,0.017,0.038,0.608,1.219,1.363,1.531,,10,7,0,0,0,0
403,,2019-05-24,09:39:08,FIXED,-1,17,6687768.374,394444.834,42.769,25.273,1.684,0.017,0.038,0.608,1.219,1.363,1.531,,10,7,0,0,0,0
404,,2019-05-24,09:39:09,FIXED,-1,17,6687768.372,394444.832,42.771,25.275,1.684,0.017,0.038,0.608,1.219,1.362,1.531,,10,7,0,0,0,0
405,,2019-05-24,09:39:10,FIXED,-1,17,6687768.371,394444.829,42.776,25.281,1.684,0.017,0.038,0.608,1.219,1.362,1.531,,10,7,0,0,0,0
406,,2019-05-24,09:39:11,FIXED,-1,17,6687768.368,394444.833,42.765,25.270,1.684,0.017,0.038,0.608,1.219,1.362,1.531,,10,7,0,0,0,0
407,,2019-05-24,09:39:12,FIXED,-1,17,6687768.368,394444.831,42.776,25.280,1.684,0.017,0.038,0.608,1.219,1.362,1.531,,10,7,0,0,0,0
408,,2019-05-24,09:39:13,FIXED,-1,17,6687768.371,394444.830,42.776,25.281,1.684,0.017,0.037,0.608,1.219,1.362,1.531,,10,7,0,0,0,0
409,,2019-05-24,09:39:14,FIXED,-1,17,6687768.374,394444.829,42.770,25.275,1.684,0.017,0.037,0.608,1.219,1.362,1.531,,10,6,0,0,0,0
410,,2019-05-24,09:39:15,FIXED,-1,17,6687768.372,394444.829,42.776,25.281,1.684,0.017,0.037,0.608,1.219,1.362,1.531,,10,7,0,0,0,0
411,,2019-05-24,09:39:16,FIXED,-1,17,6687768.373,394444.830,42.775,25.280,1.684,0.017,0.037,0.608,1.218,1.362,1.530,,10,7,0,0,0,0
412,,2019-05-24,09:39:17,FIXED,-1,17,6687768.374,394444.829,42.782,25.287,1.684,0.017,0.037,0.608,1.218,1.362,1.530,,10,7,0,0,0,0
413,,2019-05-24,09:39:18,FIXED,-1,17,6687768.376,394444.827,42.782,25.287,1.684,0.017,0.037,0.608,1.218,1.362,1.530,,10,7,0,0,0,0
414,,2019-05-24,09:39:19,FIXED,-1,17,6687768.377,394444.827,42.783,25.288,1.684,0.017,0.037,0.608,1.218,1.362,1.530,,10,7,0,0,0,0
415,,2019-05-24,09:39:20,FIXED,-1,17,6687768.376,394444.830,42.786,25.291,1.684,0.017,0.037,0.608,1.218,1.361,1.530,,10,7,0,0,0,0
416,,2019-05-24,09:39:21,FIXED,-1,17,6687768.378,394444.830,42.797,25.302,1.684,0.017,0.037,0.608,1.218,1.361,1.530,,10,7,0,0,0,0
417,,2019-05-24,09:39:22,FIXED,-1,17,6687768.375,394444.829,42.794,25.299,1.684,0.017,0.037,0.608,1.218,1.361,1.530,,10,7,0,0,0,0
418,,2019-05-24,09:39:23,FIXED,-1,17,6687768.372,394444.832,42.789,25.294,1.684,0.017,0.037,0.608,1.218,1.361,1.530,,10,7,0,0,0,0
419,,2019-05-24,09:39:24,FIXED,-1,17,6687768.374,394444.831,42.779,25.284,1.684,0.017,0.036,0.608,1.218,1.361,1.530,,10,7,0,0,0,0
420,,2019-05-24,09:39:25,FIXED,-1,17,6687768.374,394444.835,42.763,25.268,1.684,0.017,0.036,0.608,1.218,1.361,1.529,,10,7,0,0,0,0
421,,2019-05-24,09:39:26,FIXED,-1,17,6687768.376,394444.831,42.767,25.272,1.684,0.017,0.036,0.608,1.217,1.361,1.529,,10,7,0,0,0,0
422,,2019-05-24,09:39:27,FIXED,-1,17,6687768.377,394444.832,42.774,25.279,1.684,0.017,0.036,0.608,1.217,1.361,1.529,,10,7,0,0,0,0
423,,2019-05-24,09:39:28,FIXED,-1,17,6687768.374,394444.826,42.770,25.274,1.684,0.017,0.036,0.608,1.217,1.361,1.529,,10,7,0,0,0,0
424,,2019-05-24,09:39:29,FIXED,-1,17,6687768.374,394444.828,42.777,25.282,1.684,0.017,0.036,0.608,1.217,1.361,1.529,,10,7,0,0,0,0
425,,2019-05-24,09:39:30,FIXED,-1,17,6687768.376,394444.830,42.778,25.283,1.684,0.016,0.036,0.608,1.217,1.360,1.529,,10,7,0,0,0,0
426,,2019-05-24,09:39:31,FIXED,-1,17,6687768.375,394444.832,42.773,25.278,1.684,0.017,0.036,0.608,1.217,1.360,1.529,,10,7,0,0,0,0
427,,2019-05-24,09:39:32,FIXED,-1,17,6687768.376,394444.833,42.782,25.287,1.684,0.017,0.036,0.608,1.217,1.360,1.529,,10,7,0,0,0,0
428,,2019-05-24,09:39:33,FIXED,-1,17,6687768.373,394444.832,42.771,25.275,1.684,0.017,0.036,0.608,1.217,1.360,1.528,,10,7,0,0,0,0
429,,2019-05-24,09:39:34,FIXED,-1,17,6687768.372,394444.830,42.775,25.280,1.684,0.017,0.036,0.608,1.217,1.360,1.528,,10,7,0,0,0,0
430,,2019-05-24,09:39:35,FIXED,-1,17,6687768.366,394444.832,42.767,25.272,1.684,0.017,0.036,0.608,1.216,1.360,1.528,,10,7,0,0,0,0
431,,2019-05-24,09:39:36,FIXED,-1,17,6687768.371,394444.832,42.771,25.276,1.684,0.017,0.036,0.608,1.216,1.360,1.528,,10,7,0,0,0,0
432,,2019-05-24,09:39:37,FIXED,-1,17,6687768.373,394444.832,42.772,25.277,1.684,0.017,0.036,0.608,1.216,1.360,1.528,,10,7,0,0,0,0
433,,2019-05-24,09:39:38,FIXED,-1,17,6687768.374,394444.832,42.774,25.278,1.684,0.016,0.036,0.608,1.216,1.360,1.528,,10,7,0,0,0,0
434,,2019-05-24,09:39:39,FIXED,-1,17,6687768.377,394444.830,42.779,25.284,1.684,0.016,0.036,0.608,1.216,1.360,1.528,,10,7,0,0,0,0
435,,2019-05-24,09:39:40,FIXED,-1,17,6687768.374,394444.828,42.780,25.285,1.684,0.016,0.036,0.608,1.216,1.360,1.528,,10,7,0,0,0,0
436,,2019-05-24,09:39:41,FIXED,-1,17,6687768.372,394444.828,42.776,25.281,1.684,0.016,0.035,0.608,1.216,1.359,1.528,,10,7,0,0,0,0
437,,2019-05-24,09:39:42,FIXED,-1,17,6687768.371,394444.828,42.775,25.280,1.684,0.016,0.035,0.608,1.216,1.359,1.527,,10,7,0,0,0,0
438,,2019-05-24,09:39:43,FIXED,-1,17,6687768.369,394444.830,42.771,25.275,1.684,0.016,0.035,0.608,1.216,1.359,1.527,,10,7,0,0,0,0
439,,2019-05-24,09:39:44,FIXED,-1,17,6687768.376,394444.829,42.777,25.282,1.684,0.016,0.035,0.608,1.215,1.359,1.527,,10,7,0,0,0,0
440,,2019-05-24,09:39:45,FIXED,-1,17,6687768.375,394444.828,42.773,25.278,1.684,0.016,0.035,0.608,1.215,1.359,1.527,,10,7,0,0,0,0
441,,2019-05-24,09:39:46,FIXED,-1,17,6687768.373,394444.829,42.763,25.267,1.684,0.016,0.035,0.608,1.215,1.359,1.527,,10,7,0,0,0,0
442,,2019-05-24,09:39:47,FIXED,-1,17,6687768.370,394444.829,42.765,25.270,1.684,0.016,0.035,0.608,1.215,1.359,1.527,,10,7,0,0,0,0
443,,2019-05-24,09:39:48,FIXED,-1,17,6687768.369,394444.830,42.758,25.262,1.684,0.016,0.035,0.608,1.215,1.359,1.527,,10,7,0,0,0,0
444,,2019-05-24,09:39:49,FIXED,-1,17,6687768.370,394444.831,42.765,25.269,1.684,0.016,0.035,0.608,1.215,1.359,1.527,,10,7,0,0,0,0
445,,2019-05-24,09:39:50,FIXED,-1,17,6687768.371,394444.829,42.768,25.273,1.684,0.016,0.035,0.608,1.215,1.359,1.527,,10,7,0,0,0,0
446,,2019-05-24,09:39:51,FIXED,-1,17,6687768.374,394444.828,42.770,25.274,1.684,0.016,0.035,0.608,1.215,1.358,1.526,,10,7,0,0,0,0
447,,2019-05-24,09:39:52,FIXED,-1,17,6687768.373,394444.828,42.770,25.275,1.684,0.016,0.035,0.608,1.215,1.358,1.526,,10,7,0,0,0,0
448,,2019-05-24,09:39:53,FIXED,-1,17,6687768.374,394444.827,42.774,25.278,1.684,0.016,0.035,0.608,1.215,1.358,1.526,,10,7,0,0,0,0
449,,2019-05-24,09:39:54,FIXED,-1,17,6687768.372,394444.831,42.772,25.277,1.684,0.016,0.035,0.608,1.214,1.358,1.526,,10,7,0,0,0,0
450,,2019-05-24,09:39:55,FIXED,-1,17,6687768.371,394444.831,42.775,25.280,1.684,0.016,0.035,0.608,1.214,1.358,1.526,,10,7,0,0,0,0
451,,2019-05-24,09:39:56,FIXED,-1,17,6687768.372,394444.833,42.773,25.278,1.684,0.016,0.035,0.608,1.214,1.358,1.526,,10,7,0,0,0,0
452,,2019-05-24,09:39:57,FIXED,-1,17,6687768.373,394444.828,42.775,25.280,1.684,0.016,0.035,0.608,1.214,1.358,1.526,,10,7,0,0,0,0
453,,2019-05-24,09:39:58,FIXED,-1,17,6687768.374,394444.826,42.778,25.282,1.684,0.016,0.035,0.608,1.214,1.358,1.526,,10,7,0,0,0,0
454,,2019-05-24,09:39:59,FIXED,-1,17,6687768.375,394444.828,42.779,25.284,1.684,0.016,0.035,0.608,1.214,1.358,1.525,,10,7,0,0,0,0
455,,2019-05-24,09:40:00,FIXED,-1,17,6687768.375,394444.826,42.773,25.278,1.684,0.016,0.035,0.608,1.214,1.358,1.525,,10,7,0,0,0,0
456,,2019-05-24,09:40:01,FIXED,-1,17,6687768.376,394444.828,42.777,25.282,1.684,0.016,0.035,0.608,1.214,1.357,1.525,,10,7,0,0,0,0
457,,2019-05-24,09:40:02,FIXED,-1,17,6687768.374,394444.827,42.781,25.286,1.684,0.016,0.034,0.608,1.214,1.357,1.525,,10,7,0,0,0,0
458,,2019-05-24,09:40:03,FIXED,-1,17,6687768.374,394444.827,42.784,25.288,1.684,0.016,0.034,0.608,1.213,1.357,1.525,,10,7,0,0,0,0
459,,2019-05-24,09:40:04,FIXED,-1,17,6687768.377,394444.830,42.787,25.292,1.684,0.015,0.033,0.608,1.213,1.357,1.525,,10,7,0,0,0,0
460,,2019-05-24,09:40:05,FIXED,-1,17,6687768.374,394444.827,42.786,25.290,1.684,0.015,0.033,0.608,1.213,1.357,1.525,,10,7,0,0,0,0
461,,2019-05-24,09:40:06,FIXED,-1,17,6687768.375,394444.827,42.785,25.290,1.684,0.015,0.033,0.608,1.213,1.357,1.525,,10,7,0,0,0,0
462,,2019-05-24,09:40:07,FIXED,-1,17,6687768.377,394444.826,42.800,25.305,1.684,0.015,0.033,0.608,1.213,1.357,1.524,,10,7,0,0,0,0
463,,2019-05-24,09:40:08,FIXED,-1,17,6687768.375,394444.827,42.793,25.298,1.684,0.015,0.033,0.608,1.213,1.357,1.524,,10,7,0,0,0,0
464,,2019-05-24,09:40:09,FIXED,-1,17,6687768.373,394444.827,42.782,25.286,1.684,0.015,0.032,0.608,1.213,1.357,1.524,,10,7,0,0,0,0
465,,2019-05-24,09:40:10,FIXED,-1,17,6687768.376,394444.829,42.791,25.296,1.684,0.015,0.032,0.608,1.213,1.357,1.524,,10,7,0,0,0,0
466,,2019-05-24,09:40:11,FIXED,-1,17,6687768.376,394444.826,42.797,25.301,1.684,0.015,0.032,0.608,1.213,1.356,1.524,,10,7,0,0,0,0
467,,2019-05-24,09:40:12,FIXED,-1,17,6687768.381,394444.826,42.801,25.306,1.684,0.015,0.032,0.608,1.212,1.356,1.524,,10,7,0,0,0,0
468,,2019-05-24,09:40:13,FIXED,-1,17,6687768.376,394444.827,42.784,25.289,1.684,0.015,0.032,0.608,1.212,1.356,1.524,,10,7,0,0,0,0
469,,2019-05-24,09:40:14,FIXED,-1,17,6687768.375,394444.828,42.784,25.289,1.684,0.015,0.032,0.608,1.212,1.356,1.524,,10,7,0,0,0,0
470,,2019-05-24,09:40:15,FIXED,-1,17,6687768.375,394444.827,42.789,25.294,1.684,0.015,0.032,0.608,1.212,1.356,1.524,,10,7,0,0,0,0
471,,2019-05-24,09:40:16,FIXED,-1,17,6687768.375,394444.828,42.793,25.297,1.684,0.015,0.032,0.608,1.212,1.356,1.523,,10,7,0,0,0,0
472,,2019-05-24,09:40:17,FIXED,-1,17,6687768.375,394444.828,42.790,25.295,1.684,0.015,0.032,0.608,1.212,1.356,1.523,,10,7,0,0,0,0
473,,2019-05-24,09:40:18,FIXED,-1,17,6687768.374,394444.834,42.775,25.280,1.684,0.015,0.032,0.608,1.212,1.356,1.523,,10,7,0,0,0,0
474,,2019-05-24,09:40:19,FIXED,-1,17,6687768.371,394444.831,42.775,25.280,1.684,0.015,0.032,0.608,1.212,1.356,1.523,,10,7,0,0,0,0
475,,2019-05-24,09:40:20,FIXED,-1,17,6687768.376,394444.829,42.793,25.298,1.684,0.015,0.033,0.608,1.212,1.356,1.523,,10,7,0,0,0,0
476,,2019-05-24,09:40:21,FIXED,-1,17,6687768.374,394444.832,42.793,25.298,1.684,0.015,0.033,0.608,1.211,1.355,1.523,,10,7,0,0,0,0
477,,2019-05-24,09:40:22,FIXED,-1,17,6687768.377,394444.831,42.789,25.293,1.684,0.015,0.033,0.608,1.211,1.355,1.523,,10,7,0,0,0,0
478,,2019-05-24,09:40:23,FIXED,-1,17,6687768.376,394444.830,42.795,25.300,1.684,0.015,0.033,0.608,1.211,1.355,1.523,,10,7,0,0,0,0
479,,2019-05-24,09:40:24,FIXED,-1,17,6687768.374,394444.832,42.792,25.296,1.684,0.015,0.033,0.608,1.211,1.355,1.522,,10,7,0,0,0,0
480,,2019-05-24,09:40:25,FIXED,-1,17,6687768.376,394444.831,42.789,25.294,1.684,0.015,0.033,0.608,1.211,1.355,1.522,,10,7,0,0,0,0
481,,2019-05-24,09:40:26,FIXED,-1,17,6687768.377,394444.833,42.794,25.299,1.684,0.016,0.034,0.608,1.211,1.355,1.522,,10,7,0,0,0,0
482,,2019-05-24,09:40:27,FIXED,-1,17,6687768.375,394444.826,42.780,25.285,1.684,0.016,0.035,0.636,1.261,1.412,1.601,,10,7,0,0,0,0
483,,2019-05-24,09:40:28,FIXED,-1,17,6687768.374,394444.828,42.771,25.276,1.684,0.015,0.035,0.636,1.261,1.412,1.601,,10,7,0,0,0,0
484,,2019-05-24,09:40:29,FIXED,-1,17,6687768.377,394444.830,42.782,25.287,1.684,0.015,0.034,0.636,1.261,1.412,1.601,,10,7,0,0,0,0
485,,2019-05-24,09:40:30,FIXED,-1,17,6687768.373,394444.829,42.768,25.273,1.684,0.015,0.034,0.636,1.260,1.412,1.601,,10,7,0,0,0,0
486,,2019-05-24,09:40:31,FIXED,-1,17,6687768.374,394444.832,42.770,25.274,1.684,0.015,0.034,0.636,1.260,1.412,1.601,,10,7,0,0,0,0
487,,2019-05-24,09:40:32,FIXED,-1,17,6687768.375,394444.828,42.776,25.280,1.684,0.015,0.034,0.608,1.210,1.354,1.521,,10,7,0,0,0,0
488,,2019-05-24,09:40:33,FIXED,-1,17,6687768.376,394444.831,42.787,25.292,1.684,0.015,0.032,0.608,1.210,1.354,1.521,,10,7,0,0,0,0
489,,2019-05-24,09:40:34,FIXED,-1,17,6687768.373,394444.830,42.787,25.291,1.684,0.015,0.032,0.608,1.210,1.354,1.521,,10,7,0,0,0,0
490,,2019-05-24,09:40:35,FIXED,-1,17,6687768.375,394444.831,42.800,25.305,1.684,0.015,0.032,0.608,1.210,1.354,1.521,,10,7,0,0,0,0
491,,2019-05-24,09:40:36,FIXED,-1,17,6687768.376,394444.834,42.793,25.297,1.684,0.015,0.033,0.608,1.210,1.354,1.521,,10,7,0,0,0,0
492,,2019-05-24,09:40:37,FIXED,-1,17,6687768.378,394444.834,42.786,25.290,1.684,0.015,0.033,0.608,1.210,1.354,1.521,,10,7,0,0,0,0
493,,2019-05-24,09:40:38,FIXED,-1,17,6687768.377,394444.832,42.785,25.290,1.684,0.015,0.034,0.636,1.259,1.411,1.600,,10,7,0,0,0,0
494,,2019-05-24,09:40:39,FIXED,-1,17,6687768.382,394444.832,42.774,25.279,1.684,0.015,0.034,0.636,1.259,1.411,1.599,,10,7,0,0,0,0
495,,2019-05-24,09:40:40,FIXED,-1,17,6687768.378,394444.828,42.780,25.285,1.684,0.015,0.033,0.636,1.259,1.411,1.599,,10,7,0,0,0,0
496,,2019-05-24,09:40:41,FIXED,-1,17,6687768.379,394444.829,42.785,25.290,1.684,0.015,0.033,0.636,1.259,1.410,1.599,,10,7,0,0,0,0
497,,2019-05-24,09:40:42,FIXED,-1,17,6687768.380,394444.830,42.778,25.283,1.684,0.015,0.034,0.636,1.259,1.410,1.599,,10,7,0,0,0,0
498,,2019-05-24,09:40:43,FIXED,-1,17,6687768.380,394444.830,42.791,25.296,1.684,0.015,0.034,0.636,1.259,1.410,1.599,,10,7,0,0,0,0
499,,2019-05-24,09:40:44,FIXED,-1,17,6687768.380,394444.829,42.782,25.287,1.684,0.015,0.034,0.636,1.259,1.410,1.599,,10,7,0,0,0,0
