Point Number,Code,Date,Time,Solution,Physical Station ID,Virtual Station ID,Northing,Easting,Ell Ht,Elev,Ant Ht,HRMS,VRMS,HDOP,VDOP,PDOP,GDOP,TDOP,GPS,GLONASS,GALILEO,BEIDOU,SBAS,QZSS
1,,2019-05-24,09:21:13,FIXED,250,4075,6687768.402,394444.812,42.536,25.040,1.684,0.005,0.011,0.509,0.957,1.085,1.236,,10,8,7,0,0,0
2,,2019-05-24,09:21:14,FIXED,250,4075,6687768.406,394444.814,42.551,25.056,1.684,0.005,0.011,0.509,0.957,1.085,1.236,,10,8,7,0,0,0
3,,2019-05-24,09:21:15,FIXED,250,4075,6687768.405,394444.813,42.547,25.052,1.684,0.005,0.011,0.509,0.957,1.085,1.236,,10,8,7,0,0,0
4,,2019-05-24,09:21:16,FIXED,250,4075,6687768.404,394444.813,42.543,25.048,1.684,0.005,0.011,0.509,0.957,1.085,1.236,,10,8,7,0,0,0
5,,2019-05-24,09:21:17,FIXED,250,4075,6687768.402,394444.814,42.542,25.047,1.684,0.005,0.011,0.509,0.957,1.085,1.236,,10,8,7,0,0,0
6,,2019-05-24,09:21:18,FIXED,250,4075,6687768.402,394444.815,42.533,25.037,1.684,0.005,0.011,0.509,0.958,1.085,1.236,,10,8,7,0,0,0
7,,2019-05-24,09:21:19,FIXED,250,4075,6687768.405,394444.817,42.548,25.053,1.684,0.005,0.011,0.509,0.958,1.085,1.236,,10,8,7,0,0,0
8,,2019-05-24,09:21:20,FIXED,250,4075,6687768.401,394444.813,42.534,25.038,1.684,0.005,0.011,0.509,0.958,1.085,1.236,,10,8,7,0,0,0
9,,2019-05-24,09:21:21,FIXED,250,4075,6687768.401,394444.810,42.535,25.039,1.684,0.005,0.011,0.509,0.958,1.085,1.236,,10,8,7,0,0,0
10,,2019-05-24,09:21:22,FIXED,250,4075,6687768.402,394444.810,42.539,25.043,1.684,0.005,0.011,0.509,0.958,1.085,1.236,,10,8,7,0,0,0
11,,2019-05-24,09:21:23,FIXED,250,4075,6687768.403,394444.811,42.543,25.048,1.684,0.005,0.011,0.509,0.958,1.085,1.236,,10,8,7,0,0,0
12,,2019-05-24,09:21:24,FIXED,250,4075,6687768.407,394444.811,42.555,25.059,1.684,0.005,0.011,0.509,0.958,1.085,1.236,,10,8,7,0,0,0
13,,2019-05-24,09:21:25,FIXED,250,4075,6687768.405,394444.812,42.546,25.051,1.684,0.005,0.011,0.509,0.958,1.085,1.236,,10,8,7,0,0,0
14,,2019-05-24,09:21:26,FIXED,250,4075,6687768.404,394444.812,42.543,25.048,1.684,0.005,0.011,0.509,0.958,1.085,1.236,,10,8,7,0,0,0
15,,2019-05-24,09:21:27,FIXED,250,4075,6687768.406,394444.813,42.545,25.049,1.684,0.005,0.011,0.509,0.958,1.085,1.236,,10,8,7,0,0,0
16,,2019-05-24,09:21:28,FIXED,250,4075,6687768.406,394444.814,42.539,25.044,1.684,0.005,0.011,0.509,0.958,1.085,1.236,,10,8,7,0,0,0
17,,2019-05-24,09:21:29,FIXED,250,4075,6687768.408,394444.813,42.555,25.060,1.684,0.005,0.011,0.509,0.958,1.085,1.236,,10,8,7,0,0,0
18,,2019-05-24,09:21:30,FIXED,250,4075,6687768.402,394444.810,42.539,25.043,1.684,0.005,0.011,0.509,0.958,1.085,1.236,,10,8,7,0,0,0
19,,2019-05-24,09:21:31,FIXED,250,4075,6687768.403,394444.809,42.541,25.046,1.684,0.005,0.011,0.509,0.958,1.085,1.236,,10,8,7,0,0,0
20,,2019-05-24,09:21:32,FIXED,250,4075,6687768.403,394444.810,42.537,25.041,1.684,0.005,0.011,0.509,0.958,1.085,1.236,,10,7,7,0,0,0
21,,2019-05-24,09:21:33,FIXED,250,4075,6687768.404,394444.811,42.536,25.041,1.684,0.005,0.011,0.509,0.958,1.085,1.236,,10,7,7,0,0,0
22,,2019-05-24,09:21:34,FIXED,250,4075,6687768.409,394444.812,42.558,25.063,1.684,0.005,0.011,0.509,0.958,1.085,1.236,,10,8,7,0,0,0
23,,2019-05-24,09:21:35,FIXED,250,4075,6687768.406,394444.813,42.538,25.043,1.684,0.005,0.011,0.509,0.958,1.085,1.236,,10,8,7,0,0,0
24,,2019-05-24,09:21:36,FIXED,250,4075,6687768.404,394444.811,42.540,25.045,1.684,0.005,0.011,0.509,0.958,1.085,1.236,,10,8,7,0,0,0
25,,2019-05-24,09:21:37,FIXED,250,4075,6687768.402,394444.811,42.534,25.039,1.684,0.005,0.011,0.509,0.958,1.085,1.236,,10,8,7,0,0,0
26,,2019-05-24,09:21:38,FIXED,250,4075,6687768.404,394444.813,42.536,25.040,1.684,0.005,0.011,0.509,0.958,1.085,1.236,,10,8,7,0,0,0
27,,2019-05-24,09:21:39,FIXED,250,4075,6687768.408,394444.813,42.559,25.063,1.684,0.005,0.011,0.509,0.958,1.085,1.236,,10,8,7,0,0,0
28,,2019-05-24,09:21:40,FIXED,250,4075,6687768.402,394444.813,42.543,25.047,1.684,0.005,0.011,0.509,0.958,1.085,1.236,,10,8,7,0,0,0
29,,2019-05-24,09:21:41,FIXED,250,4075,6687768.404,394444.813,42.544,25.049,1.684,0.005,0.010,0.509,0.958,1.085,1.236,,10,8,7,0,0,0
30,,2019-05-24,09:21:42,FIXED,250,4075,6687768.404,394444.813,42.542,25.047,1.684,0.005,0.010,0.509,0.958,1.085,1.236,,10,8,7,0,0,0
31,,2019-05-24,09:21:43,FIXED,250,4075,6687768.405,394444.814,42.539,25.044,1.684,0.005,0.010,0.509,0.958,1.085,1.236,,10,8,7,0,0,0
32,,2019-05-24,09:21:44,FIXED,250,4075,6687768.406,394444.816,42.550,25.054,1.684,0.005,0.010,0.509,0.958,1.085,1.236,,10,8,7,0,0,0
33,,2019-05-24,09:21:45,FIXED,250,4075,6687768.403,394444.814,42.536,25.041,1.684,0.005,0.010,0.509,0.958,1.085,1.236,,10,8,7,0,0,0
34,,2019-05-24,09:21:46,FIXED,250,4075,6687768.402,394444.815,42.532,25.037,1.684,0.005,0.011,0.509,0.958,1.085,1.236,,10,8,7,0,0,0
35,,2019-05-24,09:21:47,FIXED,250,4075,6687768.402,394444.813,42.535,25.039,1.684,0.005,0.011,0.509,0.958,1.085,1.236,,10,8,7,0,0,0
36,,2019-05-24,09:21:48,FIXED,250,4075,6687768.402,394444.811,42.537,25.041,1.684,0.005,0.011,0.509,0.958,1.085,1.236,,10,8,7,0,0,0
37,,2019-05-24,09:21:49,FIXED,250,4075,6687768.402,394444.812,42.547,25.051,1.684,0.005,0.011,0.509,0.958,1.085,1.236,,10,8,7,0,0,0
38,,2019-05-24,09:21:50,FIXED,250,4075,6687768.401,394444.810,42.533,25.038,1.684,0.005,0.011,0.509,0.958,1.085,1.236,,10,8,7,0,0,0
39,,2019-05-24,09:21:51,FIXED,250,4075,6687768.402,394444.811,42.537,25.042,1.684,0.005,0.011,0.509,0.958,1.085,1.236,,10,8,7,0,0,0
40,,2019-05-24,09:21:52,FIXED,250,4075,6687768.403,394444.812,42.536,25.040,1.684,0.005,0.011,0.509,0.958,1.085,1.236,,10,8,7,0,0,0
41,,2019-05-24,09:21:53,FIXED,250,4075,6687768.403,394444.812,42.543,25.048,1.684,0.005,0.011,0.509,0.958,1.085,1.236,,10,8,7,0,0,0
42,,2019-05-24,09:21:54,FIXED,250,4075,6687768.408,394444.812,42.555,25.059,1.684,0.005,0.011,0.509,0.958,1.085,1.236,,10,8,7,0,0,0
43,,2019-05-24,09:21:55,FIXED,250,4075,6687768.405,394444.813,42.540,25.045,1.684,0.005,0.011,0.509,0.958,1.085,1.236,,10,8,7,0,0,0
44,,2019-05-24,09:21:56,FIXED,250,4075,6687768.403,394444.815,42.540,25.045,1.684,0.005,0.011,0.509,0.958,1.085,1.236,,10,8,7,0,0,0
45,,2019-05-24,09:21:57,FIXED,250,4075,6687768.402,394444.815,42.535,25.040,1.684,0.005,0.011,0.509,0.958,1.085,1.236,,10,8,7,0,0,0
46,,2019-05-24,09:21:58,FIXED,250,4075,6687768.402,394444.814,42.535,25.039,1.684,0.005,0.011,0.509,0.958,1.085,1.236,,10,8,7,0,0,0
47,,2019-05-24,09:21:59,FIXED,250,4075,6687768.405,394444.814,42.550,25.054,1.684,0.005,0.011,0.509,0.958,1.085,1.236,,10,8,7,0,0,0
48,,2019-05-24,09:22:00,FIXED,250,4075,6687768.402,394444.812,42.540,25.045,1.684,0.005,0.011,0.509,0.958,1.085,1.236,,10,8,7,0,0,0
49,,2019-05-24,09:22:01,FIXED,250,4075,6687768.400,394444.814,42.543,25.048,1.684,0.005,0.011,0.509,0.958,1.085,1.236,,10,8,7,0,0,0
50,,2019-05-24,09:22:02,FIXED,250,4075,6687768.401,394444.814,42.544,25.049,1.684,0.005,0.011,0.509,0.958,1.085,1.236,,10,8,7,0,0,0
51,,2019-05-24,09:22:03,FIXED,250,4075,6687768.402,394444.815,42.540,25.045,1.684,0.005,0.011,0.509,0.958,1.085,1.236,,10,8,7,0,0,0
52,,2019-05-24,09:22:04,FIXED,250,4075,6687768.403,394444.817,42.548,25.052,1.684,0.005,0.011,0.509,0.958,1.085,1.236,,10,8,7,0,0,0
53,,2019-05-24,09:22:05,FIXED,250,4075,6687768.400,394444.816,42.532,25.036,1.684,0.005,0.011,0.509,0.958,1.085,1.236,,10,8,7,0,0,0
54,,2019-05-24,09:22:06,FIXED,250,4075,6687768.401,394444.816,42.530,25.035,1.684,0.005,0.011,0.509,0.958,1.085,1.236,,10,8,7,0,0,0
55,,2019-05-24,09:22:07,FIXED,250,4075,6687768.400,394444.813,42.529,25.033,1.684,0.005,0.011,0.509,0.958,1.085,1.236,,10,8,7,0,0,0
56,,2019-05-24,09:22:08,FIXED,250,4075,6687768.400,394444.811,42.535,25.039,1.684,0.005,0.011,0.509,0.958,1.085,1.236,,10,8,7,0,0,0
57,,2019-05-24,09:22:09,FIXED,250,4075,6687768.403,394444.810,42.557,25.061,1.684,0.005,0.011,0.509,0.958,1.085,1.236,,10,8,7,0,0,0
58,,2019-05-24,09:22:10,FIXED,250,4075,6687768.400,394444.813,42.540,25.045,1.684,0.005,0.011,0.509,0.958,1.085,1.236,,10,7,7,0,0,0
59,,2019-05-24,09:22:11,FIXED,250,4075,6687768.402,394444.812,42.545,25.050,1.684,0.005,0.011,0.509,0.958,1.085,1.236,,10,8,7,0,0,0
60,,2019-05-24,09:22:12,FIXED,250,4075,6687768.404,394444.813,42.540,25.044,1.684,0.005,0.011,0.509,0.958,1.085,1.236,,10,8,7,0,0,0
61,,2019-05-24,09:22:13,FIXED,250,4075,6687768.403,394444.816,42.536,25.041,1.684,0.005,0.011,0.509,0.958,1.085,1.236,,10,8,7,0,0,0
62,,2019-05-24,09:22:14,FIXED,250,4075,6687768.405,394444.815,42.554,25.059,1.684,0.005,0.011,0.509,0.958,1.085,1.236,,10,8,7,0,0,0
63,,2019-05-24,09:22:15,FIXED,250,4075,6687768.400,394444.812,42.543,25.048,1.684,0.005,0.011,0.509,0.958,1.085,1.236,,10,8,7,0,0,0
64,,2019-05-24,09:22:16,FIXED,250,4075,6687768.399,394444.811,42.537,25.042,1.684,0.005,0.011,0.509,0.958,1.085,1.236,,10,8,7,0,0,0
65,,2019-05-24,09:22:17,FIXED,250,4075,6687768.400,394444.812,42.535,25.039,1.684,0.005,0.011,0.509,0.958,1.085,1.236,,10,8,7,0,0,0
66,,2019-05-24,09:22:18,FIXED,250,4075,6687768.399,394444.814,42.539,25.043,1.684,0.005,0.011,0.509,0.958,1.085,1.236,,10,8,7,0,0,0
67,,2019-05-24,09:22:19,FIXED,250,4075,6687768.404,394444.814,42.551,25.055,1.684,0.005,0.011,0.509,0.958,1.085,1.236,,10,8,7,0,0,0
68,,2019-05-24,09:22:20,FIXED,250,4075,6687768.402,394444.814,42.542,25.047,1.684,0.005,0.011,0.509,0.958,1.085,1.236,,10,8,7,0,0,0
69,,2019-05-24,09:22:21,FIXED,250,4075,6687768.402,394444.814,42.537,25.042,1.684,0.005,0.011,0.509,0.958,1.085,1.236,,10,8,7,0,0,0
70,,2019-05-24,09:22:22,FIXED,250,4075,6687768.401,394444.812,42.534,25.039,1.684,0.005,0.011,0.509,0.958,1.085,1.236,,10,8,7,0,0,0
71,,2019-05-24,09:22:23,FIXED,250,4075,6687768.402,394444.813,42.535,25.040,1.684,0.005,0.011,0.509,0.958,1.085,1.236,,10,8,7,0,0,0
72,,2019-05-24,09:22:24,FIXED,250,4075,6687768.404,394444.816,42.550,25.054,1.684,0.005,0.011,0.509,0.958,1.085,1.236,,10,8,7,0,0,0
73,,2019-05-24,09:22:25,FIXED,250,4075,6687768.403,394444.816,42.539,25.044,1.684,0.005,0.011,0.509,0.958,1.085,1.236,,10,8,7,0,0,0
74,,2019-05-24,09:22:26,FIXED,250,4075,6687768.402,394444.816,42.536,25.041,1.684,0.005,0.011,0.509,0.958,1.085,1.236,,10,8,7,0,0,0
75,,2019-05-24,09:22:27,FIXED,250,4075,6687768.402,394444.815,42.543,25.048,1.684,0.005,0.011,0.509,0.958,1.085,1.236,,10,8,7,0,0,0
76,,2019-05-24,09:22:28,FIXED,250,4075,6687768.401,394444.814,42.540,25.045,1.684,0.005,0.011,0.509,0.958,1.085,1.236,,10,8,7,0,0,0
77,,2019-05-24,09:22:29,FIXED,250,4075,6687768.405,394444.816,42.552,25.056,1.684,0.005,0.011,0.509,0.958,1.085,1.236,,10,8,7,0,0,0
78,,2019-05-24,09:22:30,FIXED,250,4075,6687768.403,394444.815,42.538,25.043,1.684,0.005,0.011,0.501,0.958,1.081,1.233,,10,8,8,0,0,0
79,,2019-05-24,09:22:31,FIXED,250,4075,6687768.403,394444.815,42.540,25.045,1.684,0.005,0.011,0.501,0.958,1.081,1.233,,10,8,8,0,0,0
80,,2019-05-24,09:22:32,FIXED,250,4075,6687768.403,394444.818,42.540,25.045,1.684,0.005,0.011,0.501,0.958,1.081,1.233,,10,7,8,0,0,0
81,,2019-05-24,09:22:33,FIXED,250,4075,6687768.404,394444.814,42.544,25.049,1.684,0.005,0.011,0.501,0.958,1.081,1.233,,10,8,8,0,0,0
82,,2019-05-24,09:22:34,FIXED,250,4075,6687768.408,394444.815,42.552,25.057,1.684,0.005,0.011,0.501,0.958,1.081,1.233,,10,8,8,0,0,0
83,,2019-05-24,09:22:35,FIXED,250,4075,6687768.403,394444.814,42.539,25.044,1.684,0.005,0.011,0.501,0.958,1.081,1.233,,10,8,8,0,0,0
84,,2019-05-24,09:22:36,FIXED,250,4075,6687768.405,394444.814,42.538,25.042,1.684,0.005,0.011,0.501,0.958,1.081,1.233,,10,8,8,0,0,0
85,,2019-05-24,09:22:37,FIXED,250,4075,6687768.403,394444.813,42.541,25.045,1.684,0.005,0.011,0.501,0.958,1.081,1.233,,10,8,8,0,0,0
86,,2019-05-24,09:22:38,FIXED,250,4075,6687768.403,394444.813,42.541,25.046,1.684,0.005,0.011,0.501,0.958,1.081,1.233,,10,8,8,0,0,0
87,,2019-05-24,09:22:39,FIXED,250,4075,6687768.405,394444.816,42.551,25.056,1.684,0.005,0.011,0.501,0.958,1.081,1.233,,10,8,8,0,0,0
88,,2019-05-24,09:22:40,FIXED,250,4075,6687768.404,394444.816,42.532,25.037,1.684,0.005,0.011,0.501,0.958,1.081,1.233,,10,8,8,0,0,0
89,,2019-05-24,09:22:41,FIXED,250,4075,6687768.403,394444.818,42.535,25.039,1.684,0.005,0.011,0.501,0.958,1.081,1.233,,10,8,8,0,0,0
90,,2019-05-24,09:22:42,FIXED,250,4075,6687768.403,394444.817,42.531,25.036,1.684,0.005,0.011,0.501,0.958,1.081,1.233,,10,8,8,0,0,0
91,,2019-05-24,09:22:43,FIXED,250,4075,6687768.403,394444.819,42.539,25.044,1.684,0.005,0.011,0.501,0.958,1.081,1.233,,10,8,8,0,0,0
92,,2019-05-24,09:22:44,FIXED,250,4075,6687768.409,394444.817,42.557,25.062,1.684,0.005,0.011,0.501,0.958,1.081,1.233,,10,8,8,0,0,0
93,,2019-05-24,09:22:45,FIXED,250,4075,6687768.407,394444.815,42.548,25.053,1.684,0.005,0.011,0.501,0.958,1.081,1.233,,10,8,8,0,0,0
94,,2019-05-24,09:22:46,FIXED,250,4075,6687768.406,394444.815,42.545,25.050,1.684,0.005,0.011,0.501,0.958,1.081,1.233,,10,8,8,0,0,0
95,,2019-05-24,09:22:47,FIXED,250,4075,6687768.405,394444.816,42.545,25.050,1.684,0.005,0.011,0.501,0.958,1.081,1.233,,10,8,8,0,0,0
96,,2019-05-24,09:22:48,FIXED,250,4075,6687768.405,394444.815,42.544,25.049,1.684,0.005,0.011,0.501,0.958,1.081,1.233,,10,8,8,0,0,0
97,,2019-05-24,09:22:49,FIXED,250,4075,6687768.407,394444.819,42.558,25.063,1.684,0.005,0.011,0.501,0.958,1.081,1.233,,10,8,8,0,0,0
98,,2019-05-24,09:22:50,FIXED,250,4075,6687768.404,394444.819,42.545,25.049,1.684,0.005,0.011,0.500,0.958,1.081,1.233,,10,8,8,0,0,0
99,,2019-05-24,09:22:51,FIXED,250,4075,6687768.404,394444.819,42.544,25.049,1.684,0.005,0.011,0.500,0.958,1.081,1.233,,10,8,8,0,0,0
100,,2019-05-24,09:22:52,FIXED,250,4075,6687768.406,394444.820,42.543,25.048,1.684,0.005,0.011,0.500,0.958,1.081,1.233,,10,8,8,0,0,0
101,,2019-05-24,09:22:53,FIXED,250,4075,6687768.404,394444.819,42.539,25.044,1.684,0.005,0.011,0.500,0.958,1.081,1.233,,10,8,8,0,0,0
102,,2019-05-24,09:22:54,FIXED,250,4075,6687768.405,394444.819,42.547,25.052,1.684,0.005,0.011,0.500,0.958,1.081,1.233,,10,8,8,0,0,0
103,,2019-05-24,09:22:55,FIXED,250,4075,6687768.401,394444.817,42.541,25.046,1.684,0.005,0.011,0.500,0.958,1.081,1.233,,10,8,8,0,0,0
104,,2019-05-24,09:22:56,FIXED,250,4075,6687768.402,394444.815,42.542,25.047,1.684,0.005,0.011,0.500,0.958,1.081,1.233,,10,8,8,0,0,0
105,,2019-05-24,09:22:57,FIXED,250,4075,6687768.404,394444.817,42.544,25.049,1.684,0.005,0.011,0.500,0.958,1.081,1.233,,10,8,8,0,0,0
106,,2019-05-24,09:22:58,FIXED,250,4075,6687768.405,394444.818,42.548,25.053,1.684,0.005,0.011,0.500,0.958,1.081,1.233,,10,8,8,0,0,0
107,,2019-05-24,09:22:59,FIXED,250,4075,6687768.406,394444.821,42.558,25.062,1.684,0.005,0.011,0.500,0.958,1.081,1.233,,10,8,8,0,0,0
108,,2019-05-24,09:23:00,FIXED,250,4075,6687768.403,394444.819,42.538,25.042,1.684,0.005,0.011,0.500,0.958,1.081,1.233,,10,8,8,0,0,0
109,,2019-05-24,09:23:01,FIXED,250,4075,6687768.402,394444.817,42.542,25.047,1.684,0.005,0.011,0.500,0.958,1.081,1.233,,10,8,8,0,0,0
110,,2019-05-24,09:23:02,FIXED,250,4075,6687768.404,394444.815,42.546,25.051,1.684,0.005,0.010,0.500,0.958,1.081,1.233,,10,8,8,0,0,0
111,,2019-05-24,09:23:03,FIXED,250,4075,6687768.405,394444.815,42.550,25.055,1.684,0.005,0.010,0.500,0.958,1.081,1.233,,10,8,8,0,0,0
112,,2019-05-24,09:23:04,FIXED,250,4075,6687768.405,394444.819,42.559,25.064,1.684,0.005,0.010,0.500,0.958,1.081,1.233,,10,8,8,0,0,0
113,,2019-05-24,09:23:05,FIXED,250,4075,6687768.402,394444.818,42.544,25.049,1.684,0.005,0.010,0.500,0.958,1.081,1.233,,10,8,8,0,0,0
114,,2019-05-24,09:23:06,FIXED,250,4075,6687768.402,394444.818,42.540,25.045,1.684,0.005,0.010,0.500,0.958,1.081,1.233,,10,8,8,0,0,0
115,,2019-05-24,09:23:07,FIXED,250,4075,6687768.402,394444.818,42.535,25.040,1.684,0.005,0.010,0.500,0.958,1.081,1.233,,10,8,8,0,0,0
116,,2019-05-24,09:23:08,FIXED,250,4075,6687768.403,394444.820,42.548,25.052,1.684,0.005,0.010,0.500,0.958,1.081,1.233,,10,8,8,0,0,0
117,,2019-05-24,09:23:09,FIXED,250,4075,6687768.407,394444.820,42.563,25.068,1.684,0.005,0.010,0.500,0.958,1.081,1.233,,10,8,8,0,0,0
118,,2019-05-24,09:23:10,FIXED,250,4075,6687768.402,394444.817,42.552,25.056,1.684,0.005,0.011,0.500,0.958,1.081,1.233,,10,8,8,0,0,0
119,,2019-05-24,09:23:11,FIXED,250,4075,6687768.401,394444.818,42.541,25.046,1.684,0.005,0.010,0.500,0.958,1.081,1.233,,10,7,8,0,0,0
120,,2019-05-24,09:23:12,FIXED,250,4075,6687768.401,394444.816,42.540,25.044,1.684,0.005,0.010,0.500,0.958,1.081,1.233,,10,8,8,0,0,0
121,,2019-05-24,09:23:13,FIXED,250,4075,6687768.403,394444.814,42.545,25.049,1.684,0.005,0.010,0.500,0.958,1.081,1.233,,10,7,8,0,0,0
122,,2019-05-24,09:23:14,FIXED,250,4075,6687768.406,394444.819,42.564,25.068,1.684,0.005,0.010,0.500,0.958,1.081,1.233,,10,8,8,0,0,0
123,,2019-05-24,09:23:15,FIXED,250,4075,6687768.402,394444.815,42.550,25.055,1.684,0.005,0.010,0.500,0.958,1.081,1.233,,10,8,8,0,0,0
124,,2019-05-24,09:23:16,FIXED,250,4075,6687768.403,394444.815,42.546,25.051,1.684,0.005,0.010,0.500,0.958,1.081,1.233,,10,7,8,0,0,0
125,,2019-05-24,09:23:17,FIXED,250,4075,6687768.402,394444.814,42.541,25.046,1.684,0.005,0.010,0.500,0.958,1.081,1.233,,10,7,8,0,0,0
126,,2019-05-24,09:23:18,FIXED,250,4075,6687768.402,394444.815,42.546,25.051,1.684,0.005,0.010,0.500,0.958,1.081,1.233,,10,8,8,0,0,0
127,,2019-05-24,09:23:19,FIXED,250,4075,6687768.405,394444.819,42.555,25.060,1.684,0.005,0.010,0.500,0.958,1.081,1.233,,10,8,8,0,0,0
128,,2019-05-24,09:23:20,FIXED,250,4075,6687768.402,394444.817,42.539,25.044,1.684,0.005,0.010,0.500,0.958,1.081,1.233,,10,8,8,0,0,0
129,,2019-05-24,09:23:21,FIXED,250,4075,6687768.403,394444.815,42.541,25.046,1.684,0.005,0.010,0.500,0.958,1.081,1.233,,10,8,8,0,0,0
130,,2019-05-24,09:23:22,FIXED,250,4075,6687768.403,394444.812,42.545,25.050,1.684,0.005,0.010,0.500,0.958,1.081,1.233,,10,8,8,0,0,0
131,,2019-05-24,09:23:23,FIXED,250,4075,6687768.403,394444.811,42.548,25.053,1.684,0.005,0.011,0.500,0.958,1.081,1.233,,10,8,8,0,0,0
132,,2019-05-24,09:23:24,FIXED,250,4075,6687768.404,394444.813,42.551,25.056,1.684,0.005,0.011,0.500,0.958,1.081,1.233,,10,8,8,0,0,0
133,,2019-05-24,09:23:25,FIXED,250,4075,6687768.405,394444.815,42.548,25.052,1.684,0.005,0.010,0.500,0.958,1.081,1.233,,10,8,8,0,0,0
134,,2019-05-24,09:23:26,FIXED,250,4075,6687768.404,394444.814,42.552,25.057,1.684,0.005,0.010,0.500,0.958,1.081,1.233,,10,8,8,0,0,0
135,,2019-05-24,09:23:27,FIXED,250,4075,6687768.404,394444.811,42.550,25.055,1.684,0.005,0.010,0.500,0.958,1.081,1.233,,10,8,8,0,0,0
136,,2019-05-24,09:23:28,FIXED,250,4075,6687768.403,394444.813,42.549,25.054,1.684,0.005,0.010,0.500,0.958,1.081,1.233,,10,8,8,0,0,0
137,,2019-05-24,09:23:29,FIXED,250,4075,6687768.407,394444.814,42.560,25.065,1.684,0.005,0.011,0.500,0.958,1.081,1.233,,10,8,8,0,0,0
138,,2019-05-24,09:23:30,FIXED,250,4075,6687768.405,394444.813,42.546,25.051,1.684,0.005,0.011,0.500,0.958,1.081,1.232,,10,8,8,0,0,0
139,,2019-05-24,09:23:31,FIXED,250,4075,6687768.404,394444.814,42.542,25.047,1.684,0.005,0.011,0.500,0.958,1.081,1.232,,9,8,8,0,0,0
140,,2019-05-24,09:23:32,FIXED,250,4075,6687768.404,394444.815,42.547,25.052,1.684,0.005,0.011,0.500,0.958,1.081,1.232,,9,8,8,0,0,0
141,,2019-05-24,09:23:33,FIXED,250,4075,6687768.404,394444.810,42.548,25.052,1.684,0.005,0.011,0.500,0.958,1.081,1.232,,10,8,8,0,0,0
142,,2019-05-24,09:23:34,FIXED,250,4075,6687768.404,394444.814,42.556,25.061,1.684,0.005,0.011,0.500,0.958,1.081,1.232,,10,8,8,0,0,0
143,,2019-05-24,09:23:35,FIXED,250,4075,6687768.402,394444.813,42.535,25.040,1.684,0.005,0.011,0.500,0.958,1.081,1.232,,10,8,8,0,0,0
144,,2019-05-24,09:23:36,FIXED,250,4075,6687768.403,394444.813,42.542,25.047,1.684,0.005,0.011,0.500,0.958,1.081,1.232,,10,8,8,0,0,0
145,,2019-05-24,09:23:37,FIXED,250,4075,6687768.404,394444.813,42.543,25.047,1.684,0.005,0.011,0.500,0.958,1.081,1.232,,10,8,8,0,0,0
146,,2019-05-24,09:23:38,FIXED,250,4075,6687768.404,394444.813,42.544,25.049,1.684,0.005,0.011,0.500,0.958,1.081,1.232,,10,8,8,0,0,0
147,,2019-05-24,09:23:39,FIXED,250,4075,6687768.406,394444.815,42.553,25.058,1.684,0.005,0.011,0.500,0.958,1.081,1.232,,10,8,8,0,0,0
148,,2019-05-24,09:23:40,FIXED,250,4075,6687768.405,394444.814,42.537,25.041,1.684,0.005,0.011,0.500,0.958,1.081,1.232,,10,8,8,0,0,0
149,,2019-05-24,09:23:41,FIXED,250,4075,6687768.403,394444.815,42.541,25.045,1.684,0.005,0.011,0.500,0.958,1.081,1.232,,10,8,8,0,0,0
150,,2019-05-24,09:23:42,FIXED,250,4075,6687768.406,394444.815,42.541,25.046,1.684,0.005,0.011,0.500,0.958,1.081,1.232,,10,8,8,0,0,0
151,,2019-05-24,09:23:43,FIXED,250,4075,6687768.404,394444.815,42.537,25.042,1.684,0.005,0.011,0.500,0.958,1.081,1.232,,10,8,8,0,0,0
152,,2019-05-24,09:23:44,FIXED,250,4075,6687768.404,394444.815,42.543,25.048,1.684,0.006,0.012,0.500,0.958,1.081,1.232,,10,8,8,0,0,0
153,,2019-05-24,09:23:45,FIXED,250,4075,6687768.408,394444.816,42.558,25.063,1.684,0.006,0.012,0.500,0.958,1.081,1.232,,10,8,8,0,0,0
154,,2019-05-24,09:23:46,FIXED,250,4075,6687768.408,394444.817,42.561,25.066,1.684,0.007,0.015,0.500,0.958,1.081,1.232,,10,8,8,0,0,0
155,,2019-05-24,09:23:47,FIXED,250,4075,6687768.408,394444.819,42.565,25.070,1.684,0.008,0.016,0.500,0.958,1.081,1.232,,10,8,8,0,0,0
156,,2019-05-24,09:23:48,FIXED,250,4075,6687768.409,394444.818,42.563,25.068,1.684,0.008,0.017,0.500,0.958,1.081,1.232,,10,8,8,0,0,0
157,,2019-05-24,09:23:49,FIXED,250,4075,6687768.403,394444.820,42.541,25.045,1.684,0.010,0.021,0.500,0.958,1.081,1.232,,10,8,8,0,0,0
158,,2019-05-24,09:23:50,FIXED,250,4075,6687768.404,394444.814,42.537,25.042,1.684,0.005,0.011,0.500,0.958,1.081,1.232,,10,8,8,0,0,0
159,,2019-05-24,09:23:51,FIXED,250,4075,6687768.402,394444.813,42.534,25.039,1.684,0.005,0.011,0.500,0.958,1.081,1.232,,10,8,8,0,0,0
160,,2019-05-24,09:23:52,FIXED,250,4075,6687768.404,394444.814,42.538,25.042,1.684,0.005,0.011,0.500,0.958,1.081,1.232,,10,8,8,0,0,0
161,,2019-05-24,09:23:53,FIXED,250,4075,6687768.406,394444.815,42.540,25.045,1.684,0.005,0.011,0.500,0.958,1.081,1.232,,10,8,8,0,0,0
162,,2019-05-24,09:23:54,FIXED,250,4075,6687768.406,394444.814,42.542,25.047,1.684,0.005,0.011,0.500,0.958,1.081,1.232,,10,8,8,0,0,0
163,,2019-05-24,09:23:55,FIXED,250,4075,6687768.407,394444.814,42.543,25.048,1.684,0.005,0.010,0.500,0.958,1.081,1.232,,10,8,8,0,0,0
164,,2019-05-24,09:23:56,FIXED,250,4075,6687768.406,394444.816,42.536,25.041,1.684,0.005,0.010,0.500,0.958,1.081,1.232,,10,8,8,0,0,0
165,,2019-05-24,09:23:57,FIXED,250,4075,6687768.405,394444.814,42.533,25.038,1.684,0.005,0.010,0.500,0.958,1.081,1.232,,10,8,8,0,0,0
166,,2019-05-24,09:23:58,FIXED,250,4075,6687768.404,394444.812,42.540,25.045,1.684,0.005,0.010,0.500,0.958,1.081,1.232,,10,8,8,0,0,0
167,,2019-05-24,09:23:59,FIXED,250,4075,6687768.405,394444.813,42.541,25.046,1.684,0.005,0.010,0.500,0.958,1.081,1.232,,10,7,8,0,0,0
168,,2019-05-24,09:24:00,FIXED,250,4075,6687768.407,394444.812,42.551,25.056,1.684,0.005,0.010,0.500,0.958,1.081,1.232,,10,8,8,0,0,0
169,,2019-05-24,09:24:01,FIXED,250,4075,6687768.408,394444.811,42.549,25.054,1.684,0.005,0.010,0.500,0.958,1.081,1.232,,10,8,8,0,0,0
170,,2019-05-24,09:24:02,FIXED,250,4075,6687768.407,394444.813,42.541,25.046,1.684,0.005,0.010,0.500,0.958,1.081,1.232,,10,8,8,0,0,0
171,,2019-05-24,09:24:03,FIXED,250,4075,6687768.404,394444.813,42.528,25.033,1.684,0.005,0.010,0.500,0.958,1.081,1.232,,10,8,8,0,0,0
172,,2019-05-24,09:24:04,FIXED,250,4075,6687768.403,394444.817,42.541,25.046,1.684,0.005,0.011,0.500,0.958,1.081,1.232,,10,8,8,0,0,0
173,,2019-05-24,09:24:05,FIXED,250,4075,6687768.402,394444.813,42.531,25.036,1.684,0.005,0.011,0.500,0.958,1.081,1.232,,10,8,8,0,0,0
174,,2019-05-24,09:24:06,FIXED,250,4075,6687768.405,394444.813,42.543,25.048,1.684,0.005,0.011,0.500,0.958,1.081,1.232,,10,8,8,0,0,0
175,,2019-05-24,09:24:07,FIXED,250,4075,6687768.407,394444.813,42.544,25.049,1.684,0.005,0.011,0.500,0.958,1.081,1.232,,10,8,8,0,0,0
176,,2019-05-24,09:24:08,FIXED,250,4075,6687768.408,394444.813,42.549,25.054,1.684,0.005,0.011,0.500,0.958,1.081,1.232,,10,8,8,0,0,0
177,,2019-05-24,09:24:09,FIXED,250,4075,6687768.411,394444.812,42.561,25.066,1.684,0.005,0.011,0.500,0.958,1.080,1.232,,10,8,8,0,0,0
178,,2019-05-24,09:24:10,FIXED,250,4075,6687768.408,394444.811,42.544,25.049,1.684,0.005,0.011,0.500,0.958,1.080,1.232,,10,8,8,0,0,0
179,,2019-05-24,09:24:11,FIXED,250,4075,6687768.408,394444.812,42.542,25.047,1.684,0.005,0.011,0.500,0.958,1.080,1.232,,10,8,8,0,0,0
180,,2019-05-24,09:24:12,FIXED,250,4075,6687768.409,394444.812,42.547,25.052,1.684,0.005,0.010,0.500,0.958,1.080,1.232,,10,8,8,0,0,0
181,,2019-05-24,09:24:13,FIXED,250,4075,6687768.407,394444.813,42.550,25.054,1.684,0.005,0.010,0.500,0.958,1.080,1.232,,10,8,8,0,0,0
182,,2019-05-24,09:24:14,FIXED,250,4075,6687768.409,394444.814,42.554,25.059,1.684,0.005,0.011,0.500,0.958,1.080,1.232,,10,8,8,0,0,0
183,,2019-05-24,09:24:15,FIXED,250,4075,6687768.406,394444.812,42.536,25.041,1.684,0.005,0.011,0.500,0.958,1.080,1.232,,10,8,8,0,0,0
184,,2019-05-24,09:24:16,FIXED,250,4075,6687768.404,394444.811,42.536,25.041,1.684,0.005,0.010,0.500,0.958,1.080,1.232,,10,8,8,0,0,0
185,,2019-05-24,09:24:17,FIXED,250,4075,6687768.404,394444.812,42.542,25.047,1.684,0.005,0.010,0.500,0.958,1.080,1.232,,10,8,8,0,0,0
186,,2019-05-24,09:24:18,FIXED,250,4075,6687768.403,394444.812,42.542,25.047,1.684,0.005,0.010,0.500,0.958,1.080,1.232,,10,8,8,0,0,0
187,,2019-05-24,09:24:19,FIXED,250,4075,6687768.408,394444.812,42.559,25.063,1.684,0.005,0.010,0.500,0.958,1.080,1.232,,10,8,8,0,0,0
188,,2019-05-24,09:24:20,FIXED,250,4075,6687768.405,394444.809,42.538,25.043,1.684,0.005,0.010,0.500,0.958,1.080,1.232,,10,8,8,0,0,0
189,,2019-05-24,09:24:21,FIXED,250,4075,6687768.404,394444.809,42.538,25.042,1.684,0.005,0.010,0.500,0.958,1.080,1.232,,10,8,8,0,0,0
190,,2019-05-24,09:24:22,FIXED,250,4075,6687768.405,394444.809,42.540,25.045,1.684,0.005,0.010,0.500,0.958,1.080,1.232,,10,8,8,0,0,0
191,,2019-05-24,09:24:23,FIXED,250,4075,6687768.405,394444.808,42.542,25.047,1.684,0.005,0.010,0.500,0.958,1.080,1.232,,10,8,8,0,0,0
192,,2019-05-24,09:24:24,FIXED,250,4075,6687768.408,394444.811,42.548,25.053,1.684,0.005,0.010,0.500,0.958,1.080,1.232,,10,7,8,0,0,0
193,,2019-05-24,09:24:25,FIXED,250,4075,6687768.405,394444.806,42.546,25.051,1.684,0.005,0.010,0.500,0.958,1.080,1.232,,10,8,8,0,0,0
194,,2019-05-24,09:24:26,FIXED,250,4075,6687768.407,394444.810,42.549,25.054,1.684,0.005,0.010,0.500,0.958,1.080,1.232,,10,8,8,0,0,0
195,,2019-05-24,09:24:27,FIXED,250,4075,6687768.407,394444.812,42.545,25.050,1.684,0.005,0.010,0.500,0.958,1.080,1.232,,10,8,8,0,0,0
196,,2019-05-24,09:24:28,FIXED,250,4075,6687768.404,394444.814,42.535,25.040,1.684,0.005,0.010,0.500,0.958,1.080,1.232,,10,8,8,0,0,0
197,,2019-05-24,09:24:29,FIXED,250,4075,6687768.407,394444.814,42.544,25.049,1.684,0.005,0.010,0.500,0.958,1.080,1.232,,10,8,8,0,0,0
198,,2019-05-24,09:24:30,FIXED,250,4075,6687768.404,394444.811,42.532,25.037,1.684,0.005,0.010,0.500,0.958,1.080,1.232,,10,8,8,0,0,0
199,,2019-05-24,09:24:31,FIXED,250,4075,6687768.405,394444.810,42.538,25.043,1.684,0.005,0.010,0.500,0.958,1.080,1.232,,10,8,8,0,0,0
200,,2019-05-24,09:24:32,FIXED,250,4075,6687768.405,394444.810,42.542,25.047,1.684,0.005,0.010,0.500,0.958,1.080,1.232,,10,8,8,0,0,0
201,,2019-05-24,09:24:33,FIXED,250,4075,6687768.404,394444.809,42.544,25.049,1.684,0.005,0.010,0.500,0.958,1.080,1.232,,10,8,8,0,0,0
202,,2019-05-24,09:24:34,FIXED,250,4075,6687768.408,394444.812,42.553,25.058,1.684,0.005,0.010,0.500,0.958,1.080,1.232,,10,8,8,0,0,0
203,,2019-05-24,09:24:35,FIXED,250,4075,6687768.401,394444.812,42.526,25.031,1.684,0.005,0.010,0.500,0.958,1.080,1.232,,10,8,8,0,0,0
204,,2019-05-24,09:24:36,FIXED,250,4075,6687768.403,394444.813,42.534,25.038,1.684,0.005,0.010,0.500,0.958,1.080,1.232,,10,8,8,0,0,0
205,,2019-05-24,09:24:37,FIXED,250,4075,6687768.403,394444.813,42.531,25.036,1.684,0.005,0.010,0.500,0.958,1.080,1.232,,10,8,8,0,0,0
206,,2019-05-24,09:24:38,FIXED,250,4075,6687768.407,394444.810,42.540,25.045,1.684,0.005,0.010,0.500,0.958,1.080,1.232,,10,8,8,0,0,0
207,,2019-05-24,09:24:39,FIXED,250,4075,6687768.407,394444.813,42.556,25.060,1.684,0.005,0.011,0.500,0.958,1.080,1.232,,10,8,8,0,0,0
208,,2019-05-24,09:24:40,FIXED,250,4075,6687768.404,394444.811,42.537,25.042,1.684,0.005,0.011,0.500,0.958,1.080,1.232,,10,8,8,0,0,0
209,,2019-05-24,09:24:41,FIXED,250,4075,6687768.402,394444.812,42.538,25.043,1.684,0.005,0.011,0.500,0.958,1.080,1.232,,10,8,8,0,0,0
210,,2019-05-24,09:24:42,FIXED,250,4075,6687768.404,394444.810,42.538,25.042,1.684,0.005,0.010,0.500,0.958,1.080,1.232,,10,8,8,0,0,0
211,,2019-05-24,09:24:43,FIXED,250,4075,6687768.404,394444.813,42.542,25.046,1.684,0.005,0.010,0.500,0.958,1.080,1.232,,10,8,8,0,0,0
212,,2019-05-24,09:24:44,FIXED,250,4075,6687768.406,394444.815,42.555,25.060,1.684,0.005,0.011,0.500,0.958,1.080,1.232,,10,8,8,0,0,0
213,,2019-05-24,09:24:45,FIXED,250,4075,6687768.401,394444.812,42.541,25.046,1.684,0.005,0.011,0.500,0.958,1.080,1.232,,10,8,8,0,0,0
214,,2019-05-24,09:24:46,FIXED,250,4075,6687768.404,394444.811,42.537,25.042,1.684,0.005,0.011,0.500,0.958,1.080,1.232,,10,8,8,0,0,0
215,,2019-05-24,09:24:47,FIXED,250,4075,6687768.406,394444.813,42.544,25.049,1.684,0.005,0.011,0.500,0.958,1.080,1.232,,10,8,8,0,0,0
216,,2019-05-24,09:24:48,FIXED,250,4075,6687768.406,394444.812,42.542,25.047,1.684,0.005,0.011,0.500,0.958,1.080,1.232,,10,8,8,0,0,0
217,,2019-05-24,09:24:49,FIXED,250,4075,6687768.410,394444.810,42.558,25.062,1.684,0.005,0.011,0.500,0.958,1.080,1.232,,10,8,8,0,0,0
218,,2019-05-24,09:24:50,FIXED,250,4075,6687768.404,394444.811,42.540,25.045,1.684,0.005,0.011,0.500,0.958,1.080,1.232,,10,8,8,0,0,0
219,,2019-05-24,09:24:51,FIXED,250,4075,6687768.404,394444.811,42.535,25.040,1.684,0.005,0.011,0.500,0.958,1.080,1.232,,10,8,8,0,0,0
220,,2019-05-24,09:24:52,FIXED,250,4075,6687768.403,394444.812,42.531,25.036,1.684,0.005,0.011,0.500,0.958,1.080,1.232,,10,8,8,0,0,0
221,,2019-05-24,09:24:53,FIXED,250,4075,6687768.404,394444.812,42.528,25.032,1.684,0.005,0.011,0.500,0.958,1.080,1.232,,10,8,8,0,0,0
222,,2019-05-24,09:24:54,FIXED,250,4075,6687768.407,394444.813,42.549,25.053,1.684,0.005,0.011,0.499,0.958,1.080,1.232,,10,8,8,0,0,0
223,,2019-05-24,09:24:55,FIXED,250,4075,6687768.404,394444.810,42.539,25.044,1.684,0.005,0.011,0.499,0.958,1.080,1.232,,10,8,8,0,0,0
224,,2019-05-24,09:24:56,FIXED,250,4075,6687768.402,394444.812,42.541,25.046,1.684,0.005,0.011,0.499,0.958,1.080,1.232,,10,8,8,0,0,0
225,,2019-05-24,09:24:57,FIXED,250,4075,6687768.404,394444.814,42.540,25.044,1.684,0.005,0.011,0.499,0.958,1.080,1.232,,10,8,8,0,0,0
226,,2019-05-24,09:24:58,FIXED,250,4075,6687768.405,394444.814,42.542,25.047,1.684,0.005,0.011,0.499,0.958,1.080,1.232,,10,8,8,0,0,0
227,,2019-05-24,09:24:59,FIXED,250,4075,6687768.407,394444.815,42.555,25.060,1.684,0.005,0.011,0.499,0.958,1.080,1.232,,10,8,8,0,0,0
228,,2019-05-24,09:25:00,FIXED,250,4075,6687768.405,394444.811,42.538,25.043,1.684,0.005,0.011,0.499,0.957,1.080,1.232,,10,8,8,0,0,0
229,,2019-05-24,09:25:01,FIXED,250,4075,6687768.405,394444.811,42.541,25.046,1.684,0.005,0.011,0.499,0.957,1.080,1.232,,10,8,8,0,0,0
230,,2019-05-24,09:25:02,FIXED,250,4075,6687768.405,394444.810,42.542,25.046,1.684,0.005,0.011,0.499,0.957,1.080,1.232,,10,8,8,0,0,0
231,,2019-05-24,09:25:03,FIXED,250,4075,6687768.404,394444.810,42.541,25.046,1.684,0.005,0.011,0.499,0.957,1.080,1.232,,10,8,8,0,0,0
232,,2019-05-24,09:25:04,FIXED,250,4075,6687768.409,394444.811,42.560,25.064,1.684,0.005,0.011,0.499,0.957,1.080,1.232,,10,8,8,0,0,0
233,,2019-05-24,09:25:05,FIXED,250,4075,6687768.405,394444.810,42.539,25.043,1.684,0.005,0.011,0.499,0.957,1.080,1.232,,10,8,8,0,0,0
234,,2019-05-24,09:25:06,FIXED,250,4075,6687768.405,394444.811,42.533,25.038,1.684,0.005,0.011,0.499,0.957,1.080,1.232,,10,8,8,0,0,0
235,,2019-05-24,09:25:07,FIXED,250,4075,6687768.404,394444.813,42.534,25.039,1.684,0.005,0.011,0.499,0.957,1.080,1.231,,10,8,8,0,0,0
236,,2019-05-24,09:25:08,FIXED,250,4075,6687768.403,394444.813,42.541,25.045,1.684,0.005,0.011,0.499,0.957,1.080,1.231,,10,8,8,0,0,0
237,,2019-05-24,09:25:09,FIXED,250,4075,6687768.407,394444.811,42.553,25.058,1.684,0.005,0.011,0.499,0.957,1.080,1.231,,10,8,8,0,0,0
238,,2019-05-24,09:25:10,FIXED,250,4075,6687768.404,394444.808,42.544,25.049,1.684,0.005,0.011,0.499,0.957,1.080,1.231,,10,8,8,0,0,0
239,,2019-05-24,09:25:11,FIXED,250,4075,6687768.406,394444.809,42.547,25.052,1.684,0.005,0.011,0.499,0.957,1.080,1.231,,10,8,8,0,0,0
240,,2019-05-24,09:25:12,FIXED,250,4075,6687768.406,394444.811,42.547,25.051,1.684,0.005,0.011,0.499,0.957,1.080,1.231,,10,8,8,0,0,0
241,,2019-05-24,09:25:13,FIXED,250,4075,6687768.406,394444.811,42.540,25.045,1.684,0.005,0.011,0.499,0.957,1.080,1.231,,10,8,8,0,0,0
242,,2019-05-24,09:25:14,FIXED,250,4075,6687768.407,394444.813,42.553,25.057,1.684,0.005,0.011,0.499,0.957,1.080,1.231,,10,8,8,0,0,0
243,,2019-05-24,09:25:15,FIXED,250,4075,6687768.405,394444.809,42.537,25.042,1.684,0.005,0.011,0.499,0.957,1.080,1.231,,10,8,8,0,0,0
244,,2019-05-24,09:25:16,FIXED,250,4075,6687768.406,394444.810,42.548,25.053,1.684,0.005,0.011,0.499,0.957,1.080,1.231,,10,8,8,0,0,0
245,,2019-05-24,09:25:17,FIXED,250,4075,6687768.406,394444.812,42.547,25.052,1.684,0.005,0.011,0.499,0.957,1.080,1.231,,10,8,8,0,0,0
246,,2019-05-24,09:25:18,FIXED,250,4075,6687768.406,394444.812,42.542,25.046,1.684,0.005,0.011,0.499,0.957,1.080,1.231,,10,8,8,0,0,0
247,,2019-05-24,09:25:19,FIXED,250,4075,6687768.406,394444.815,42.554,25.059,1.684,0.005,0.011,0.499,0.957,1.080,1.231,,10,8,8,0,0,0
248,,2019-05-24,09:25:20,FIXED,250,4075,6687768.403,394444.813,42.540,25.045,1.684,0.005,0.011,0.499,0.957,1.080,1.231,,10,8,8,0,0,0
249,,2019-05-24,09:25:21,FIXED,250,4075,6687768.402,394444.811,42.539,25.044,1.684,0.005,0.011,0.499,0.957,1.080,1.231,,10,8,8,0,0,0
250,,2019-05-24,09:25:22,FIXED,250,4075,6687768.402,394444.809,42.535,25.039,1.684,0.005,0.011,0.499,0.957,1.080,1.231,,10,8,8,0,0,0
251,,2019-05-24,09:25:23,FIXED,250,4075,6687768.402,394444.809,42.534,25.038,1.684,0.005,0.011,0.499,0.957,1.080,1.231,,10,8,8,0,0,0
252,,2019-05-24,09:25:24,FIXED,250,4075,6687768.407,394444.814,42.554,25.059,1.684,0.005,0.011,0.499,0.957,1.080,1.231,,10,8,8,0,0,0
253,,2019-05-24,09:25:25,FIXED,250,4075,6687768.402,394444.814,42.539,25.044,1.684,0.005,0.011,0.499,0.957,1.080,1.231,,10,8,8,0,0,0
254,,2019-05-24,09:25:26,FIXED,250,4075,6687768.402,394444.813,42.539,25.044,1.684,0.005,0.011,0.499,0.957,1.080,1.231,,10,8,8,0,0,0
255,,2019-05-24,09:25:27,FIXED,250,4075,6687768.402,394444.811,42.537,25.042,1.684,0.005,0.011,0.499,0.957,1.080,1.231,,10,8,8,0,0,0
256,,2019-05-24,09:25:28,FIXED,250,4075,6687768.403,394444.809,42.540,25.045,1.684,0.005,0.011,0.499,0.957,1.080,1.231,,10,8,8,0,0,0
257,,2019-05-24,09:25:29,FIXED,250,4075,6687768.407,394444.809,42.552,25.057,1.684,0.005,0.011,0.499,0.957,1.079,1.231,,10,8,8,0,0,0
258,,2019-05-24,09:25:30,FIXED,250,4075,6687768.404,394444.810,42.548,25.052,1.684,0.005,0.011,0.499,0.957,1.079,1.231,,10,8,8,0,0,0
259,,2019-05-24,09:25:31,FIXED,250,4075,6687768.403,394444.810,42.543,25.047,1.684,0.005,0.011,0.499,0.957,1.079,1.231,,10,8,8,0,0,0
260,,2019-05-24,09:25:32,FIXED,250,4075,6687768.402,394444.811,42.540,25.045,1.684,0.005,0.011,0.499,0.957,1.079,1.231,,10,8,8,0,0,0
261,,2019-05-24,09:25:33,FIXED,250,4075,6687768.402,394444.812,42.539,25.044,1.684,0.005,0.011,0.499,0.957,1.079,1.231,,10,8,8,0,0,0
262,,2019-05-24,09:25:34,FIXED,250,4075,6687768.405,394444.812,42.552,25.057,1.684,0.005,0.011,0.499,0.957,1.079,1.231,,10,8,8,0,0,0
263,,2019-05-24,09:25:35,FIXED,250,4075,6687768.404,394444.811,42.549,25.054,1.684,0.005,0.011,0.499,0.957,1.079,1.231,,10,7,8,0,0,0
264,,2019-05-24,09:25:36,FIXED,250,4075,6687768.404,394444.811,42.544,25.048,1.684,0.005,0.011,0.499,0.957,1.079,1.231,,10,8,8,0,0,0
265,,2019-05-24,09:25:37,FIXED,250,4075,6687768.403,394444.810,42.542,25.047,1.684,0.005,0.011,0.499,0.957,1.079,1.231,,10,8,8,0,0,0
266,,2019-05-24,09:25:38,FIXED,250,4075,6687768.402,394444.809,42.544,25.049,1.684,0.005,0.011,0.499,0.957,1.079,1.231,,10,8,8,0,0,0
267,,2019-05-24,09:25:39,FIXED,250,4075,6687768.404,394444.811,42.555,25.060,1.684,0.005,0.011,0.499,0.957,1.079,1.231,,10,8,8,0,0,0
268,,2019-05-24,09:25:40,FIXED,250,4075,6687768.405,394444.812,42.563,25.067,1.684,0.005,0.012,0.499,0.957,1.079,1.231,,10,8,8,0,0,0
269,,2019-05-24,09:25:41,FIXED,250,4075,6687768.404,394444.814,42.543,25.048,1.684,0.005,0.011,0.499,0.957,1.079,1.231,,10,8,8,0,0,0
270,,2019-05-24,09:25:42,FIXED,250,4075,6687768.403,394444.814,42.541,25.046,1.684,0.005,0.011,0.499,0.957,1.079,1.231,,10,8,8,0,0,0
271,,2019-05-24,09:25:43,FIXED,250,4075,6687768.399,394444.812,42.537,25.041,1.684,0.005,0.011,0.499,0.957,1.079,1.231,,10,8,8,0,0,0
272,,2019-05-24,09:25:44,FIXED,250,4075,6687768.399,394444.812,42.535,25.039,1.684,0.005,0.012,0.499,0.957,1.079,1.231,,10,8,8,0,0,0
273,,2019-05-24,09:25:45,FIXED,250,4075,6687768.398,394444.810,42.529,25.034,1.684,0.005,0.011,0.499,0.957,1.079,1.231,,10,8,8,0,0,0
274,,2019-05-24,09:25:46,FIXED,250,4075,6687768.399,394444.811,42.535,25.039,1.684,0.005,0.011,0.499,0.957,1.079,1.231,,10,8,8,0,0,0
275,,2019-05-24,09:25:47,FIXED,250,4075,6687768.398,394444.810,42.536,25.041,1.684,0.005,0.011,0.499,0.957,1.079,1.231,,10,8,8,0,0,0
276,,2019-05-24,09:25:48,FIXED,250,4075,6687768.398,394444.809,42.535,25.039,1.684,0.005,0.011,0.499,0.957,1.079,1.231,,10,8,8,0,0,0
277,,2019-05-24,09:25:49,FIXED,250,4075,6687768.404,394444.813,42.560,25.064,1.684,0.005,0.011,0.499,0.957,1.079,1.231,,10,8,8,0,0,0
278,,2019-05-24,09:25:50,FIXED,250,4075,6687768.402,394444.811,42.544,25.049,1.684,0.005,0.011,0.499,0.957,1.079,1.231,,10,8,8,0,0,0
279,,2019-05-24,09:25:51,FIXED,250,4075,6687768.402,394444.810,42.549,25.054,1.684,0.005,0.011,0.499,0.957,1.079,1.231,,10,8,8,0,0,0
280,,2019-05-24,09:25:52,FIXED,250,4075,6687768.400,394444.813,42.541,25.046,1.684,0.005,0.011,0.499,0.957,1.079,1.231,,10,7,8,0,0,0
281,,2019-05-24,09:25:53,FIXED,250,4075,6687768.400,394444.812,42.544,25.049,1.684,0.005,0.011,0.499,0.957,1.079,1.231,,10,8,8,0,0,0
282,,2019-05-24,09:25:54,FIXED,250,4075,6687768.402,394444.814,42.555,25.060,1.684,0.005,0.011,0.499,0.957,1.079,1.231,,10,8,8,0,0,0
283,,2019-05-24,09:25:55,FIXED,250,4075,6687768.399,394444.811,42.536,25.041,1.684,0.005,0.011,0.499,0.957,1.079,1.231,,10,8,8,0,0,0
284,,2019-05-24,09:25:56,FIXED,250,4075,6687768.399,394444.812,42.541,25.046,1.684,0.005,0.011,0.499,0.957,1.079,1.231,,10,8,8,0,0,0
285,,2019-05-24,09:25:57,FIXED,250,4075,6687768.400,394444.810,42.542,25.047,1.684,0.005,0.011,0.499,0.957,1.079,1.231,,10,8,8,0,0,0
286,,2019-05-24,09:25:58,FIXED,250,4075,6687768.401,394444.810,42.544,25.049,1.684,0.005,0.011,0.499,0.957,1.079,1.231,,10,8,8,0,0,0
287,,2019-05-24,09:25:59,FIXED,250,4075,6687768.404,394444.815,42.559,25.064,1.684,0.005,0.011,0.499,0.957,1.079,1.230,,10,8,8,0,0,0
288,,2019-05-24,09:26:00,FIXED,250,4075,6687768.400,394444.814,42.542,25.047,1.684,0.005,0.011,0.499,0.957,1.079,1.230,,10,8,7,0,0,0
289,,2019-05-24,09:26:01,FIXED,250,4075,6687768.400,394444.815,42.545,25.050,1.684,0.005,0.011,0.499,0.957,1.079,1.230,,10,8,7,0,0,0
290,,2019-05-24,09:26:02,FIXED,250,4075,6687768.399,394444.817,42.546,25.050,1.684,0.005,0.011,0.507,0.958,1.084,1.236,,10,8,7,0,0,0
291,,2019-05-24,09:26:03,FIXED,250,4075,6687768.398,394444.813,42.544,25.048,1.684,0.005,0.011,0.507,0.958,1.084,1.236,,10,8,7,0,0,0
292,,2019-05-24,09:26:04,FIXED,250,4075,6687768.403,394444.813,42.554,25.058,1.684,0.005,0.011,0.507,0.958,1.084,1.236,,10,8,7,0,0,0
293,,2019-05-24,09:26:05,FIXED,250,4075,6687768.400,394444.811,42.546,25.051,1.684,0.005,0.011,0.507,0.958,1.084,1.235,,10,8,7,0,0,0
294,,2019-05-24,09:26:06,FIXED,250,4075,6687768.402,394444.809,42.546,25.051,1.684,0.005,0.011,0.499,0.957,1.079,1.230,,10,8,8,0,0,0
295,,2019-05-24,09:26:07,FIXED,250,4075,6687768.403,394444.810,42.550,25.055,1.684,0.005,0.011,0.499,0.956,1.079,1.230,,10,8,8,0,0,0
296,,2019-05-24,09:26:08,FIXED,250,4075,6687768.403,394444.810,42.552,25.057,1.684,0.005,0.011,0.499,0.956,1.079,1.230,,10,8,7,0,0,0
297,,2019-05-24,09:26:09,FIXED,250,4075,6687768.404,394444.813,42.572,25.077,1.684,0.005,0.011,0.499,0.956,1.079,1.230,,10,8,8,0,0,0
298,,2019-05-24,09:26:10,FIXED,250,4075,6687768.402,394444.814,42.548,25.052,1.684,0.005,0.011,0.507,0.958,1.084,1.235,,10,8,7,0,0,0
299,,2019-05-24,09:26:11,FIXED,250,4075,6687768.401,394444.815,42.540,25.045,1.684,0.005,0.011,0.507,0.958,1.084,1.235,,10,8,7,0,0,0
300,,2019-05-24,09:26:12,FIXED,250,4075,6687768.400,394444.816,42.539,25.044,1.684,0.005,0.011,0.499,0.956,1.079,1.230,,10,8,7,0,0,0
301,,2019-05-24,09:26:13,FIXED,250,4075,6687768.400,394444.815,42.537,25.042,1.684,0.005,0.011,0.507,0.958,1.084,1.235,,10,8,7,0,0,0
302,,2019-05-24,09:26:14,FIXED,250,4075,6687768.404,394444.815,42.556,25.060,1.684,0.005,0.011,0.507,0.958,1.084,1.235,,10,8,7,0,0,0
303,,2019-05-24,09:26:15,FIXED,250,4075,6687768.402,394444.814,42.546,25.051,1.684,0.005,0.011,0.507,0.958,1.084,1.235,,10,8,7,0,0,0
304,,2019-05-24,09:26:16,FIXED,250,4075,6687768.405,394444.814,42.552,25.056,1.684,0.005,0.011,0.499,0.956,1.079,1.230,,10,8,8,0,0,0
305,,2019-05-24,09:26:17,FIXED,250,4075,6687768.402,394444.811,42.544,25.049,1.684,0.005,0.011,0.499,0.956,1.079,1.230,,10,8,7,0,0,0
306,,2019-05-24,09:26:18,FIXED,250,4075,6687768.403,394444.812,42.546,25.050,1.684,0.005,0.011,0.499,0.956,1.079,1.230,,10,8,7,0,0,0
307,,2019-05-24,09:26:19,FIXED,250,4075,6687768.405,394444.814,42.562,25.067,1.684,0.005,0.011,0.507,0.958,1.084,1.235,,10,8,7,0,0,0
308,,2019-05-24,09:26:20,FIXED,250,4075,6687768.403,394444.813,42.550,25.055,1.684,0.005,0.011,0.507,0.958,1.084,1.235,,10,8,7,0,0,0
309,,2019-05-24,09:26:21,FIXED,250,4075,6687768.404,394444.813,42.549,25.054,1.684,0.005,0.011,0.507,0.958,1.084,1.235,,10,8,7,0,0,0
310,,2019-05-24,09:26:22,FIXED,250,4075,6687768.404,394444.811,42.549,25.054,1.684,0.005,0.011,0.499,0.956,1.078,1.230,,10,8,7,0,0,0
311,,2019-05-24,09:26:23,FIXED,250,4075,6687768.403,394444.811,42.545,25.050,1.684,0.005,0.011,0.499,0.956,1.078,1.230,,10,8,7,0,0,0
312,,2019-05-24,09:26:24,FIXED,250,4075,6687768.407,394444.813,42.555,25.060,1.684,0.005,0.011,0.499,0.956,1.078,1.230,,10,8,7,0,0,0
313,,2019-05-24,09:26:25,FIXED,250,4075,6687768.404,394444.814,42.545,25.050,1.684,0.005,0.011,0.499,0.956,1.078,1.230,,10,8,7,0,0,0
314,,2019-05-24,09:26:26,FIXED,250,4075,6687768.402,394444.814,42.544,25.049,1.684,0.005,0.011,0.499,0.956,1.078,1.230,,10,8,7,0,0,0
315,,2019-05-24,09:26:27,FIXED,250,4075,6687768.402,394444.812,42.549,25.053,1.684,0.005,0.011,0.499,0.956,1.078,1.230,,10,8,8,0,0,0
316,,2019-05-24,09:26:28,FIXED,250,4075,6687768.403,394444.811,42.541,25.045,1.684,0.005,0.011,0.507,0.958,1.084,1.235,,10,8,7,0,0,0
317,,2019-05-24,09:26:29,FIXED,250,4075,6687768.407,394444.813,42.561,25.066,1.684,0.005,0.011,0.507,0.958,1.084,1.235,,10,8,7,0,0,0
318,,2019-05-24,09:26:30,FIXED,250,4075,6687768.405,394444.813,42.548,25.053,1.684,0.005,0.011,0.499,0.956,1.078,1.230,,10,8,8,0,0,0
319,,2019-05-24,09:26:31,FIXED,250,4075,6687768.403,394444.814,42.545,25.050,1.684,0.005,0.011,0.499,0.956,1.078,1.230,,10,8,8,0,0,0
320,,2019-05-24,09:26:32,FIXED,250,4075,6687768.402,394444.816,42.544,25.049,1.684,0.005,0.011,0.499,0.956,1.078,1.230,,10,8,8,0,0,0
321,,2019-05-24,09:26:33,FIXED,250,4075,6687768.401,394444.811,42.544,25.048,1.684,0.005,0.011,0.499,0.956,1.078,1.230,,10,8,8,0,0,0
322,,2019-05-24,09:26:34,FIXED,250,4075,6687768.406,394444.811,42.562,25.067,1.684,0.005,0.011,0.499,0.956,1.078,1.230,,10,8,8,0,0,0
323,,2019-05-24,09:26:35,FIXED,250,4075,6687768.401,394444.809,42.543,25.048,1.684,0.005,0.011,0.499,0.956,1.078,1.230,,10,8,8,0,0,0
324,,2019-05-24,09:26:36,FIXED,250,4075,6687768.406,394444.809,42.549,25.053,1.684,0.005,0.011,0.499,0.956,1.078,1.230,,10,8,8,0,0,0
325,,2019-05-24,09:26:37,FIXED,250,4075,6687768.406,394444.810,42.547,25.052,1.684,0.005,0.010,0.499,0.956,1.078,1.230,,10,8,8,0,0,0
326,,2019-05-24,09:26:38,FIXED,250,4075,6687768.406,394444.811,42.546,25.050,1.684,0.005,0.010,0.499,0.956,1.078,1.230,,10,8,8,0,0,0
327,,2019-05-24,09:26:39,FIXED,250,4075,6687768.410,394444.814,42.564,25.069,1.684,0.005,0.011,0.499,0.956,1.078,1.229,,10,8,8,0,0,0
328,,2019-05-24,09:26:40,FIXED,250,4075,6687768.403,394444.812,42.542,25.047,1.684,0.005,0.011,0.499,0.956,1.078,1.229,,10,8,8,0,0,0
329,,2019-05-24,09:26:41,FIXED,250,4075,6687768.404,394444.813,42.542,25.047,1.684,0.005,0.010,0.499,0.956,1.078,1.229,,10,8,8,0,0,0
330,,2019-05-24,09:26:42,FIXED,250,4075,6687768.406,394444.813,42.546,25.050,1.684,0.005,0.010,0.499,0.956,1.078,1.229,,10,8,8,0,0,0
331,,2019-05-24,09:26:43,FIXED,250,4075,6687768.405,394444.815,42.539,25.043,1.684,0.005,0.010,0.499,0.956,1.078,1.229,,10,7,8,0,0,0
332,,2019-05-24,09:26:44,FIXED,250,4075,6687768.407,394444.814,42.557,25.062,1.684,0.005,0.011,0.499,0.956,1.078,1.229,,10,8,8,0,0,0
333,,2019-05-24,09:26:45,FIXED,250,4075,6687768.400,394444.809,42.535,25.040,1.684,0.005,0.010,0.499,0.956,1.078,1.229,,10,8,8,0,0,0
334,,2019-05-24,09:26:46,FIXED,250,4075,6687768.400,394444.810,42.537,25.042,1.684,0.005,0.010,0.499,0.956,1.078,1.229,,10,8,8,0,0,0
335,,2019-05-24,09:26:47,FIXED,250,4075,6687768.400,394444.810,42.534,25.038,1.684,0.005,0.010,0.499,0.956,1.078,1.229,,10,8,8,0,0,0
336,,2019-05-24,09:26:48,FIXED,250,4075,6687768.403,394444.810,42.546,25.051,1.684,0.005,0.010,0.499,0.956,1.078,1.229,,10,8,8,0,0,0
337,,2019-05-24,09:26:49,FIXED,250,4075,6687768.410,394444.811,42.565,25.070,1.684,0.005,0.011,0.499,0.956,1.078,1.229,,10,8,8,0,0,0
338,,2019-05-24,09:26:50,FIXED,250,4075,6687768.403,394444.808,42.550,25.055,1.684,0.005,0.010,0.499,0.956,1.078,1.229,,10,8,8,0,0,0
339,,2019-05-24,09:26:51,FIXED,250,4075,6687768.401,394444.809,42.542,25.047,1.684,0.005,0.010,0.499,0.956,1.078,1.229,,10,8,8,0,0,0
340,,2019-05-24,09:26:52,FIXED,250,4075,6687768.404,394444.808,42.542,25.047,1.684,0.005,0.010,0.499,0.956,1.078,1.229,,10,8,8,0,0,0
341,,2019-05-24,09:26:53,FIXED,250,4075,6687768.404,394444.808,42.541,25.046,1.684,0.005,0.010,0.499,0.955,1.078,1.229,,10,8,8,0,0,0
342,,2019-05-24,09:26:54,FIXED,250,4075,6687768.407,394444.813,42.560,25.065,1.684,0.005,0.011,0.499,0.955,1.078,1.229,,10,8,8,0,0,0
343,,2019-05-24,09:26:55,FIXED,250,4075,6687768.405,394444.810,42.549,25.054,1.684,0.005,0.011,0.499,0.955,1.078,1.229,,10,8,8,0,0,0
344,,2019-05-24,09:26:56,FIXED,250,4075,6687768.403,394444.812,42.545,25.050,1.684,0.005,0.011,0.498,0.955,1.078,1.229,,10,8,8,0,0,0
345,,2019-05-24,09:26:57,FIXED,250,4075,6687768.402,394444.812,42.543,25.048,1.684,0.005,0.011,0.498,0.955,1.078,1.229,,10,8,8,0,0,0
346,,2019-05-24,09:26:58,FIXED,250,4075,6687768.401,394444.812,42.540,25.044,1.684,0.005,0.011,0.498,0.955,1.078,1.229,,10,8,8,0,0,0
347,,2019-05-24,09:26:59,FIXED,250,4075,6687768.405,394444.813,42.556,25.061,1.684,0.005,0.011,0.498,0.955,1.078,1.229,,10,8,8,0,0,0
348,,2019-05-24,09:27:00,FIXED,250,4075,6687768.401,394444.814,42.538,25.042,1.684,0.005,0.011,0.498,0.955,1.078,1.229,,10,8,8,0,0,0
349,,2019-05-24,09:27:01,FIXED,250,4075,6687768.402,394444.814,42.537,25.042,1.684,0.005,0.011,0.498,0.955,1.078,1.229,,10,8,8,0,0,0
350,,2019-05-24,09:27:02,FIXED,250,4075,6687768.403,394444.814,42.540,25.045,1.684,0.005,0.011,0.498,0.955,1.077,1.229,,10,8,8,0,0,0
351,,2019-05-24,09:27:03,FIXED,250,4075,6687768.404,394444.810,42.541,25.045,1.684,0.005,0.011,0.498,0.955,1.077,1.229,,10,8,8,0,0,0
352,,2019-05-24,09:27:04,FIXED,250,4075,6687768.405,394444.812,42.559,25.064,1.684,0.005,0.011,0.498,0.955,1.077,1.229,,10,8,8,0,0,0
353,,2019-05-24,09:27:05,FIXED,250,4075,6687768.400,394444.811,42.542,25.047,1.684,0.005,0.011,0.498,0.955,1.077,1.229,,10,8,8,0,0,0
354,,2019-05-24,09:27:06,FIXED,250,4075,6687768.402,394444.811,42.539,25.044,1.684,0.005,0.011,0.498,0.955,1.077,1.229,,10,8,8,0,0,0
355,,2019-05-24,09:27:07,FIXED,250,4075,6687768.403,394444.811,42.537,25.041,1.684,0.005,0.011,0.498,0.955,1.077,1.229,,10,8,8,0,0,0
356,,2019-05-24,09:27:08,FIXED,250,4075,6687768.404,394444.811,42.542,25.047,1.684,0.005,0.010,0.498,0.955,1.077,1.229,,10,8,8,0,0,0
357,,2019-05-24,09:27:09,FIXED,250,4075,6687768.406,394444.810,42.555,25.060,1.684,0.005,0.011,0.498,0.955,1.077,1.229,,10,8,8,0,0,0
358,,2019-05-24,09:27:10,FIXED,250,4075,6687768.402,394444.811,42.536,25.041,1.684,0.005,0.010,0.498,0.955,1.077,1.229,,10,7,8,0,0,0
359,,2019-05-24,09:27:11,FIXED,250,4075,6687768.403,394444.808,42.539,25.043,1.684,0.005,0.010,0.498,0.955,1.077,1.229,,10,8,8,0,0,0
360,,2019-05-24,09:27:12,FIXED,250,4075,6687768.402,394444.810,42.536,25.040,1.684,0.005,0.010,0.498,0.955,1.077,1.229,,10,8,8,0,0,0
361,,2019-05-24,09:27:13,FIXED,250,4075,6687768.404,394444.811,42.534,25.039,1.684,0.005,0.010,0.498,0.955,1.077,1.229,,10,8,8,0,0,0
362,,2019-05-24,09:27:14,FIXED,250,4075,6687768.406,394444.811,42.553,25.057,1.684,0.005,0.010,0.498,0.955,1.077,1.228,,10,8,8,0,0,0
363,,2019-05-24,09:27:15,FIXED,250,4075,6687768.405,394444.807,42.539,25.044,1.684,0.005,0.010,0.498,0.955,1.077,1.228,,10,8,8,0,0,0
364,,2019-05-24,09:27:16,FIXED,250,4075,6687768.403,394444.807,42.544,25.049,1.684,0.005,0.010,0.498,0.955,1.077,1.228,,10,8,8,0,0,0
365,,2019-05-24,09:27:17,FIXED,250,4075,6687768.401,394444.809,42.538,25.043,1.684,0.005,0.010,0.498,0.955,1.077,1.228,,10,8,8,0,0,0
366,,2019-05-24,09:27:18,FIXED,250,4075,6687768.403,394444.810,42.536,25.041,1.684,0.005,0.010,0.498,0.955,1.077,1.228,,10,8,8,0,0,0
367,,2019-05-24,09:27:19,FIXED,250,4075,6687768.408,394444.812,42.554,25.059,1.684,0.005,0.010,0.498,0.955,1.077,1.228,,10,8,8,0,0,0
368,,2019-05-24,09:27:20,FIXED,250,4075,6687768.403,394444.810,42.542,25.047,1.684,0.005,0.010,0.498,0.955,1.077,1.228,,10,8,8,0,0,0
369,,2019-05-24,09:27:21,FIXED,250,4075,6687768.402,394444.809,42.536,25.041,1.684,0.005,0.010,0.498,0.955,1.077,1.228,,10,8,8,0,0,0
370,,2019-05-24,09:27:22,FIXED,250,4075,6687768.400,394444.809,42.534,25.038,1.684,0.005,0.010,0.498,0.955,1.077,1.228,,10,8,8,0,0,0
371,,2019-05-24,09:27:23,FIXED,250,4075,6687768.399,394444.810,42.537,25.042,1.684,0.005,0.010,0.498,0.955,1.077,1.228,,10,8,8,0,0,0
372,,2019-05-24,09:27:24,FIXED,250,4075,6687768.405,394444.813,42.554,25.059,1.684,0.005,0.011,0.498,0.955,1.077,1.228,,10,8,8,0,0,0
373,,2019-05-24,09:27:25,FIXED,250,4075,6687768.404,394444.812,42.547,25.051,1.684,0.005,0.010,0.498,0.955,1.077,1.228,,10,8,8,0,0,0
374,,2019-05-24,09:27:26,FIXED,250,4075,6687768.404,394444.810,42.542,25.046,1.684,0.005,0.010,0.498,0.955,1.077,1.228,,10,8,8,0,0,0
375,,2019-05-24,09:27:27,FIXED,250,4075,6687768.402,394444.806,42.539,25.044,1.684,0.005,0.010,0.498,0.955,1.077,1.228,,10,8,8,0,0,0
376,,2019-05-24,09:27:28,FIXED,250,4075,6687768.401,394444.806,42.537,25.042,1.684,0.005,0.010,0.498,0.955,1.077,1.228,,10,8,8,0,0,0
377,,2019-05-24,09:27:29,FIXED,250,4075,6687768.406,394444.810,42.547,25.052,1.684,0.005,0.011,0.498,0.955,1.077,1.228,,10,7,8,0,0,0
378,,2019-05-24,09:27:30,FIXED,250,4075,6687768.403,394444.810,42.536,25.041,1.684,0.005,0.011,0.498,0.955,1.077,1.228,,10,7,8,0,0,0
379,,2019-05-24,09:27:31,FIXED,250,4075,6687768.404,394444.810,42.548,25.053,1.684,0.005,0.011,0.498,0.955,1.077,1.228,,10,8,8,0,0,0
380,,2019-05-24,09:27:32,FIXED,250,4075,6687768.403,394444.812,42.541,25.046,1.684,0.005,0.011,0.498,0.954,1.077,1.228,,10,8,8,0,0,0
381,,2019-05-24,09:27:33,FIXED,250,4075,6687768.403,394444.812,42.535,25.039,1.684,0.005,0.011,0.498,0.954,1.077,1.228,,10,8,8,0,0,0
382,,2019-05-24,09:27:34,FIXED,250,4075,6687768.405,394444.811,42.551,25.055,1.684,0.005,0.011,0.498,0.954,1.077,1.228,,10,8,8,0,0,0
383,,2019-05-24,09:27:35,FIXED,250,4075,6687768.403,394444.807,42.544,25.049,1.684,0.005,0.011,0.498,0.954,1.077,1.228,,10,8,8,0,0,0
384,,2019-05-24,09:27:36,FIXED,250,4075,6687768.406,394444.807,42.549,25.053,1.684,0.005,0.011,0.498,0.954,1.077,1.228,,10,8,8,0,0,0
385,,2019-05-24,09:27:37,FIXED,250,4075,6687768.404,394444.807,42.542,25.047,1.684,0.005,0.011,0.498,0.954,1.077,1.228,,10,8,8,0,0,0
386,,2019-05-24,09:27:38,FIXED,250,4075,6687768.402,394444.807,42.539,25.044,1.684,0.005,0.011,0.498,0.954,1.076,1.228,,10,8,8,0,0,0
387,,2019-05-24,09:27:39,FIXED,250,4075,6687768.403,394444.811,42.550,25.055,1.684,0.005,0.011,0.498,0.954,1.076,1.228,,10,8,8,0,0,0
388,,2019-05-24,09:27:40,FIXED,250,4075,6687768.401,394444.811,42.534,25.038,1.684,0.005,0.011,0.498,0.954,1.076,1.228,,10,8,8,0,0,0
389,,2019-05-24,09:27:41,FIXED,250,4075,6687768.402,394444.812,42.538,25.043,1.684,0.005,0.011,0.498,0.954,1.076,1.228,,10,8,8,0,0,0
390,,2019-05-24,09:27:42,FIXED,250,4075,6687768.406,394444.809,42.539,25.044,1.684,0.005,0.011,0.498,0.954,1.076,1.228,,10,8,8,0,0,0
391,,2019-05-24,09:27:43,FIXED,250,4075,6687768.407,394444.808,42.539,25.044,1.684,0.005,0.011,0.498,0.954,1.076,1.228,,10,8,8,0,0,0
392,,2019-05-24,09:27:44,FIXED,250,4075,6687768.409,394444.809,42.552,25.057,1.684,0.005,0.011,0.498,0.954,1.076,1.227,,10,8,8,0,0,0
393,,2019-05-24,09:27:45,FIXED,250,4075,6687768.406,394444.809,42.541,25.046,1.684,0.005,0.011,0.498,0.954,1.076,1.227,,10,8,8,0,0,0
394,,2019-05-24,09:27:46,FIXED,250,4075,6687768.405,394444.809,42.544,25.049,1.684,0.005,0.011,0.498,0.954,1.076,1.227,,10,8,8,0,0,0
395,,2019-05-24,09:27:47,FIXED,250,4075,6687768.405,394444.811,42.543,25.048,1.684,0.005,0.011,0.498,0.954,1.076,1.227,,10,8,8,0,0,0
396,,2019-05-24,09:27:48,FIXED,250,4075,6687768.405,394444.810,42.538,25.043,1.684,0.005,0.011,0.498,0.954,1.076,1.227,,10,8,8,0,0,0
397,,2019-05-24,09:27:49,FIXED,250,4075,6687768.406,394444.810,42.550,25.055,1.684,0.005,0.011,0.498,0.954,1.076,1.227,,10,8,8,0,0,0
398,,2019-05-24,09:27:50,FIXED,250,4075,6687768.402,394444.808,42.532,25.037,1.684,0.005,0.011,0.498,0.954,1.076,1.227,,10,8,8,0,0,0
399,,2019-05-24,09:27:51,FIXED,250,4075,6687768.402,394444.806,42.535,25.039,1.684,0.005,0.011,0.498,0.954,1.076,1.227,,10,8,8,0,0,0
400,,2019-05-24,09:27:52,FIXED,250,4075,6687768.405,394444.810,42.541,25.045,1.684,0.005,0.011,0.498,0.954,1.076,1.227,,10,7,8,0,0,0
401,,2019-05-24,09:27:53,FIXED,250,4075,6687768.405,394444.811,42.538,25.043,1.684,0.005,0.011,0.498,0.954,1.076,1.227,,10,7,8,0,0,0
402,,2019-05-24,09:27:54,FIXED,250,4075,6687768.409,394444.812,42.561,25.066,1.684,0.005,0.011,0.498,0.954,1.076,1.227,,10,8,8,0,0,0
403,,2019-05-24,09:27:55,FIXED,250,4075,6687768.403,394444.813,42.544,25.049,1.684,0.005,0.011,0.498,0.954,1.076,1.227,,10,8,8,0,0,0
404,,2019-05-24,09:27:56,FIXED,250,4075,6687768.403,394444.813,42.537,25.042,1.684,0.005,0.011,0.498,0.954,1.076,1.227,,10,8,8,0,0,0
405,,2019-05-24,09:27:57,FIXED,250,4075,6687768.404,394444.814,42.534,25.039,1.684,0.005,0.011,0.498,0.954,1.076,1.227,,10,8,8,0,0,0
406,,2019-05-24,09:27:58,FIXED,250,4075,6687768.402,394444.812,42.535,25.040,1.684,0.005,0.011,0.498,0.954,1.076,1.227,,10,8,8,0,0,0
407,,2019-05-24,09:27:59,FIXED,250,4075,6687768.405,394444.815,42.555,25.060,1.684,0.005,0.011,0.498,0.954,1.076,1.227,,10,8,8,0,0,0
408,,2019-05-24,09:28:00,FIXED,250,4075,6687768.401,394444.811,42.535,25.040,1.684,0.005,0.011,0.498,0.954,1.076,1.227,,10,8,8,0,0,0
409,,2019-05-24,09:28:01,FIXED,250,4075,6687768.402,394444.812,42.535,25.040,1.684,0.005,0.011,0.498,0.954,1.076,1.227,,10,8,8,0,0,0
410,,2019-05-24,09:28:02,FIXED,250,4075,6687768.404,394444.814,42.537,25.042,1.684,0.005,0.011,0.498,0.954,1.076,1.227,,10,8,8,0,0,0
411,,2019-05-24,09:28:03,FIXED,250,4075,6687768.403,394444.815,42.541,25.046,1.684,0.005,0.011,0.498,0.954,1.076,1.227,,10,8,8,0,0,0
412,,2019-05-24,09:28:04,FIXED,250,4075,6687768.403,394444.813,42.544,25.049,1.684,0.005,0.011,0.498,0.954,1.076,1.227,,9,8,8,0,0,0
413,,2019-05-24,09:28:05,FIXED,250,4075,6687768.407,394444.816,42.553,25.058,1.684,0.005,0.011,0.498,0.954,1.076,1.227,,10,8,8,0,0,0
414,,2019-05-24,09:28:06,FIXED,250,4075,6687768.404,394444.811,42.544,25.049,1.684,0.005,0.011,0.498,0.953,1.076,1.227,,10,8,8,0,0,0
415,,2019-05-24,09:28:07,FIXED,250,4075,6687768.405,394444.810,42.543,25.047,1.684,0.005,0.011,0.498,0.953,1.076,1.227,,10,8,8,0,0,0
416,,2019-05-24,09:28:08,FIXED,250,4075,6687768.402,394444.810,42.547,25.052,1.684,0.005,0.011,0.498,0.953,1.076,1.227,,10,8,8,0,0,0
417,,2019-05-24,09:28:09,FIXED,250,4075,6687768.406,394444.812,42.559,25.064,1.684,0.005,0.011,0.498,0.953,1.076,1.227,,10,8,8,0,0,0
418,,2019-05-24,09:28:10,FIXED,250,4075,6687768.401,394444.810,42.538,25.042,1.684,0.005,0.011,0.498,0.953,1.075,1.227,,10,8,8,0,0,0
419,,2019-05-24,09:28:11,FIXED,250,4075,6687768.402,394444.813,42.538,25.043,1.684,0.005,0.011,0.498,0.953,1.075,1.227,,10,8,8,0,0,0
420,,2019-05-24,09:28:12,FIXED,250,4075,6687768.402,394444.813,42.543,25.048,1.684,0.005,0.011,0.498,0.953,1.075,1.226,,10,8,8,0,0,0
421,,2019-05-24,09:28:13,FIXED,250,4075,6687768.406,394444.811,42.545,25.050,1.684,0.005,0.011,0.498,0.953,1.075,1.226,,10,8,8,0,0,0
422,,2019-05-24,09:28:14,FIXED,250,4075,6687768.410,394444.812,42.565,25.070,1.684,0.005,0.011,0.498,0.953,1.075,1.226,,10,8,8,0,0,0
423,,2019-05-24,09:28:15,FIXED,250,4075,6687768.405,394444.810,42.548,25.053,1.684,0.005,0.011,0.498,0.953,1.075,1.226,,10,8,8,0,0,0
424,,2019-05-24,09:28:16,FIXED,250,4075,6687768.403,394444.810,42.538,25.043,1.684,0.005,0.011,0.498,0.953,1.075,1.226,,10,8,8,0,0,0
425,,2019-05-24,09:28:17,FIXED,250,4075,6687768.401,394444.811,42.536,25.040,1.684,0.005,0.011,0.498,0.953,1.075,1.226,,10,8,8,0,0,0
426,,2019-05-24,09:28:18,FIXED,250,4075,6687768.401,394444.810,42.532,25.036,1.684,0.005,0.011,0.498,0.953,1.075,1.226,,10,8,8,0,0,0
427,,2019-05-24,09:28:19,FIXED,250,4075,6687768.406,394444.813,42.554,25.059,1.684,0.005,0.011,0.498,0.953,1.075,1.226,,10,8,8,0,0,0
428,,2019-05-24,09:28:20,FIXED,250,4075,6687768.401,394444.812,42.540,25.044,1.684,0.005,0.011,0.498,0.953,1.075,1.226,,10,8,8,0,0,0
429,,2019-05-24,09:28:21,FIXED,250,4075,6687768.401,394444.810,42.533,25.038,1.684,0.005,0.011,0.498,0.953,1.075,1.226,,10,8,8,0,0,0
430,,2019-05-24,09:28:22,FIXED,250,4075,6687768.404,394444.810,42.537,25.042,1.684,0.005,0.011,0.498,0.953,1.075,1.226,,10,8,8,0,0,0
431,,2019-05-24,09:28:23,FIXED,250,4075,6687768.405,394444.810,42.543,25.048,1.684,0.005,0.011,0.498,0.953,1.075,1.226,,10,8,8,0,0,0
432,,2019-05-24,09:28:24,FIXED,250,4075,6687768.407,394444.810,42.559,25.064,1.684,0.005,0.011,0.498,0.953,1.075,1.226,,10,8,8,0,0,0
433,,2019-05-24,09:28:25,FIXED,250,4075,6687768.402,394444.810,42.538,25.043,1.684,0.005,0.011,0.498,0.953,1.075,1.226,,10,8,8,0,0,0
434,,2019-05-24,09:28:26,FIXED,250,4075,6687768.402,394444.811,42.539,25.043,1.684,0.005,0.011,0.498,0.953,1.075,1.226,,10,8,8,0,0,0
435,,2019-05-24,09:28:27,FIXED,250,4075,6687768.403,394444.811,42.535,25.039,1.684,0.005,0.011,0.498,0.953,1.075,1.226,,10,8,8,0,0,0
436,,2019-05-24,09:28:28,FIXED,250,4075,6687768.405,394444.812,42.537,25.041,1.684,0.005,0.011,0.498,0.953,1.075,1.226,,10,8,8,0,0,0
437,,2019-05-24,09:28:29,FIXED,250,4075,6687768.407,394444.814,42.554,25.059,1.684,0.005,0.011,0.498,0.953,1.075,1.226,,10,8,8,0,0,0
438,,2019-05-24,09:28:30,FIXED,250,4075,6687768.403,394444.809,42.544,25.048,1.684,0.005,0.011,0.498,0.953,1.075,1.226,,10,8,8,0,0,0
439,,2019-05-24,09:28:31,FIXED,250,4075,6687768.402,394444.808,42.539,25.044,1.684,0.005,0.011,0.498,0.953,1.075,1.226,,10,8,8,0,0,0
440,,2019-05-24,09:28:32,FIXED,250,4075,6687768.404,394444.809,42.550,25.054,1.684,0.005,0.011,0.498,0.953,1.075,1.226,,10,8,8,0,0,0
441,,2019-05-24,09:28:33,FIXED,250,4075,6687768.403,394444.810,42.544,25.048,1.684,0.005,0.011,0.498,0.953,1.075,1.226,,10,8,8,0,0,0
442,,2019-05-24,09:28:34,FIXED,250,4075,6687768.407,394444.812,42.555,25.060,1.684,0.005,0.011,0.498,0.952,1.075,1.226,,10,8,8,0,0,0
443,,2019-05-24,09:28:35,FIXED,250,4075,6687768.401,394444.809,42.534,25.039,1.684,0.005,0.011,0.498,0.952,1.075,1.226,,10,8,8,0,0,0
444,,2019-05-24,09:28:36,FIXED,250,4075,6687768.401,394444.810,42.533,25.037,1.684,0.005,0.011,0.498,0.952,1.075,1.226,,10,8,8,0,0,0
445,,2019-05-24,09:28:37,FIXED,250,4075,6687768.400,394444.812,42.532,25.037,1.684,0.005,0.011,0.498,0.952,1.075,1.225,,10,8,8,0,0,0
446,,2019-05-24,09:28:38,FIXED,250,4075,6687768.400,394444.812,42.535,25.039,1.684,0.005,0.011,0.498,0.952,1.075,1.225,,10,8,8,0,0,0
447,,2019-05-24,09:28:39,FIXED,250,4075,6687768.406,394444.814,42.554,25.059,1.684,0.005,0.011,0.498,0.952,1.075,1.225,,10,8,8,0,0,0
448,,2019-05-24,09:28:40,FIXED,250,4075,6687768.403,394444.813,42.538,25.043,1.684,0.005,0.011,0.498,0.952,1.074,1.225,,10,8,8,0,0,0
449,,2019-05-24,09:28:41,FIXED,250,4075,6687768.402,394444.811,42.534,25.039,1.684,0.005,0.011,0.498,0.952,1.074,1.225,,10,8,8,0,0,0
450,,2019-05-24,09:28:42,FIXED,250,4075,6687768.401,394444.809,42.530,25.035,1.684,0.005,0.011,0.498,0.952,1.074,1.225,,10,8,8,0,0,0
451,,2019-05-24,09:28:43,FIXED,250,4075,6687768.400,394444.810,42.529,25.033,1.684,0.005,0.011,0.498,0.952,1.074,1.225,,10,8,8,0,0,0
452,,2019-05-24,09:28:44,FIXED,250,4075,6687768.405,394444.814,42.548,25.053,1.684,0.005,0.011,0.498,0.952,1.074,1.225,,10,8,8,0,0,0
453,,2019-05-24,09:28:45,FIXED,250,4075,6687768.400,394444.812,42.534,25.039,1.684,0.005,0.011,0.498,0.952,1.074,1.225,,10,8,8,0,0,0
454,,2019-05-24,09:28:46,FIXED,250,4075,6687768.402,394444.810,42.540,25.045,1.684,0.005,0.011,0.498,0.952,1.074,1.225,,10,8,8,0,0,0
455,,2019-05-24,09:28:47,FIXED,250,4075,6687768.401,394444.810,42.541,25.045,1.684,0.005,0.011,0.498,0.952,1.074,1.225,,10,8,8,0,0,0
456,,2019-05-24,09:28:48,FIXED,250,4075,6687768.403,394444.811,42.538,25.042,1.684,0.005,0.011,0.498,0.952,1.074,1.225,,10,8,8,0,0,0
457,,2019-05-24,09:28:49,FIXED,250,4075,6687768.407,394444.813,42.555,25.060,1.684,0.005,0.011,0.498,0.952,1.074,1.225,,10,8,8,0,0,0
458,,2019-05-24,09:28:50,FIXED,250,4075,6687768.404,394444.811,42.539,25.044,1.684,0.005,0.011,0.498,0.952,1.074,1.225,,10,7,8,0,0,0
459,,2019-05-24,09:28:51,FIXED,250,4075,6687768.401,394444.811,42.534,25.038,1.684,0.005,0.011,0.498,0.952,1.074,1.225,,10,8,8,0,0,0
460,,2019-05-24,09:28:52,FIXED,250,4075,6687768.401,394444.809,42.535,25.039,1.684,0.005,0.011,0.498,0.952,1.074,1.225,,10,8,8,0,0,0
461,,2019-05-24,09:28:53,FIXED,250,4075,6687768.402,394444.809,42.537,25.041,1.684,0.005,0.011,0.498,0.952,1.074,1.225,,10,8,8,0,0,0
462,,2019-05-24,09:28:54,FIXED,250,4075,6687768.404,394444.812,42.550,25.055,1.684,0.005,0.011,0.498,0.952,1.074,1.225,,10,8,8,0,0,0
463,,2019-05-24,09:28:55,FIXED,250,4075,6687768.403,394444.811,42.534,25.038,1.684,0.005,0.011,0.498,0.952,1.074,1.225,,10,8,8,0,0,0
464,,2019-05-24,09:28:56,FIXED,250,4075,6687768.400,394444.813,42.535,25.040,1.684,0.005,0.011,0.498,0.952,1.074,1.225,,10,8,8,0,0,0
465,,2019-05-24,09:28:57,FIXED,250,4075,6687768.400,394444.812,42.531,25.035,1.684,0.005,0.011,0.498,0.952,1.074,1.225,,10,8,8,0,0,0
466,,2019-05-24,09:28:58,FIXED,250,4075,6687768.397,394444.812,42.533,25.037,1.684,0.005,0.011,0.497,0.952,1.074,1.225,,10,8,8,0,0,0
467,,2019-05-24,09:28:59,FIXED,250,4075,6687768.405,394444.812,42.550,25.055,1.684,0.005,0.011,0.497,0.952,1.074,1.225,,10,8,8,0,0,0
468,,2019-05-24,09:29:00,FIXED,250,4075,6687768.403,394444.812,42.536,25.041,1.684,0.005,0.011,0.497,0.952,1.074,1.225,,10,8,8,0,0,0
469,,2019-05-24,09:29:01,FIXED,250,4075,6687768.404,394444.812,42.538,25.043,1.684,0.005,0.011,0.497,0.952,1.074,1.224,,10,8,8,0,0,0
470,,2019-05-24,09:29:02,FIXED,250,4075,6687768.402,394444.812,42.533,25.038,1.684,0.005,0.011,0.497,0.951,1.074,1.224,,10,8,8,0,0,0
471,,2019-05-24,09:29:03,FIXED,250,4075,6687768.401,394444.810,42.531,25.036,1.684,0.005,0.011,0.497,0.951,1.074,1.224,,10,8,8,0,0,0
472,,2019-05-24,09:29:04,FIXED,250,4075,6687768.403,394444.813,42.547,25.052,1.684,0.005,0.011,0.497,0.951,1.074,1.224,,10,8,8,0,0,0
473,,2019-05-24,09:29:05,FIXED,250,4075,6687768.400,394444.811,42.531,25.036,1.684,0.005,0.011,0.497,0.951,1.074,1.224,,10,8,8,0,0,0
474,,2019-05-24,09:29:06,FIXED,250,4075,6687768.400,394444.812,42.530,25.035,1.684,0.005,0.011,0.497,0.951,1.074,1.224,,10,8,8,0,0,0
475,,2019-05-24,09:29:07,FIXED,250,4075,6687768.402,394444.812,42.532,25.036,1.684,0.005,0.011,0.497,0.951,1.073,1.224,,10,8,8,0,0,0
476,,2019-05-24,09:29:08,FIXED,250,4075,6687768.403,394444.810,42.539,25.043,1.684,0.005,0.011,0.497,0.951,1.073,1.224,,10,8,8,0,0,0
477,,2019-05-24,09:29:09,FIXED,250,4075,6687768.405,394444.811,42.553,25.058,1.684,0.005,0.011,0.497,0.951,1.073,1.224,,10,8,8,0,0,0
478,,2019-05-24,09:29:10,FIXED,250,4075,6687768.400,394444.810,42.534,25.038,1.684,0.005,0.011,0.497,0.951,1.073,1.224,,10,8,8,0,0,0
479,,2019-05-24,09:29:11,FIXED,250,4075,6687768.399,394444.810,42.523,25.028,1.684,0.005,0.011,0.497,0.951,1.073,1.224,,10,8,8,0,0,0
480,,2019-05-24,09:29:12,FIXED,250,4075,6687768.399,394444.811,42.529,25.034,1.684,0.005,0.011,0.497,0.951,1.073,1.224,,10,8,8,0,0,0
481,,2019-05-24,09:29:13,FIXED,250,4075,6687768.399,394444.813,42.535,25.040,1.684,0.005,0.011,0.497,0.951,1.073,1.224,,10,8,8,0,0,0
482,,2019-05-24,09:29:14,FIXED,250,4075,6687768.402,394444.814,42.551,25.055,1.684,0.005,0.011,0.497,0.951,1.073,1.224,,10,8,8,0,0,0
483,,2019-05-24,09:29:15,FIXED,250,4075,6687768.399,394444.812,42.534,25.039,1.684,0.005,0.011,0.497,0.951,1.073,1.224,,10,8,8,0,0,0
484,,2019-05-24,09:29:16,FIXED,250,4075,6687768.399,394444.810,42.522,25.027,1.684,0.005,0.011,0.497,0.951,1.073,1.224,,10,8,8,0,0,0
485,,2019-05-24,09:29:17,FIXED,250,4075,6687768.399,394444.811,42.527,25.032,1.684,0.005,0.011,0.497,0.951,1.073,1.224,,10,8,8,0,0,0
486,,2019-05-24,09:29:18,FIXED,250,4075,6687768.402,394444.809,42.538,25.043,1.684,0.005,0.011,0.497,0.951,1.073,1.224,,10,8,8,0,0,0
487,,2019-05-24,09:29:19,FIXED,250,4075,6687768.408,394444.810,42.561,25.066,1.684,0.005,0.011,0.497,0.951,1.073,1.224,,10,8,8,0,0,0
488,,2019-05-24,09:29:20,FIXED,250,4075,6687768.402,394444.808,42.545,25.050,1.684,0.005,0.011,0.497,0.951,1.073,1.224,,10,8,8,0,0,0
489,,2019-05-24,09:29:21,FIXED,250,4075,6687768.402,394444.807,42.537,25.042,1.684,0.005,0.011,0.497,0.951,1.073,1.224,,10,8,8,0,0,0
490,,2019-05-24,09:29:22,FIXED,250,4075,6687768.399,394444.809,42.529,25.034,1.684,0.005,0.011,0.497,0.951,1.073,1.224,,10,8,8,0,0,0
491,,2019-05-24,09:29:23,FIXED,250,4075,6687768.401,394444.808,42.523,25.027,1.684,0.005,0.011,0.497,0.951,1.073,1.223,,10,8,8,0,0,0
492,,2019-05-24,09:29:24,FIXED,250,4075,6687768.404,394444.813,42.539,25.043,1.684,0.005,0.011,0.497,0.951,1.073,1.223,,10,8,8,0,0,0
493,,2019-05-24,09:29:25,FIXED,250,4075,6687768.399,394444.811,42.520,25.025,1.684,0.005,0.011,0.497,0.951,1.073,1.223,,10,8,8,0,0,0
494,,2019-05-24,09:29:26,FIXED,250,4075,6687768.401,394444.810,42.522,25.027,1.684,0.005,0.011,0.497,0.951,1.073,1.223,,10,8,8,0,0,0
495,,2019-05-24,09:29:27,FIXED,250,4075,6687768.400,394444.810,42.531,25.035,1.684,0.005,0.011,0.497,0.950,1.073,1.223,,10,8,8,0,0,0
496,,2019-05-24,09:29:28,FIXED,250,4075,6687768.401,394444.810,42.529,25.034,1.684,0.005,0.011,0.497,0.950,1.073,1.223,,10,8,8,0,0,0
497,,2019-05-24,09:29:29,FIXED,250,4075,6687768.402,394444.812,42.541,25.046,1.684,0.005,0.012,0.497,0.950,1.073,1.223,,10,8,8,0,0,0
498,,2019-05-24,09:29:30,FIXED,250,4075,6687768.399,394444.812,42.525,25.030,1.684,0.005,0.012,0.497,0.950,1.073,1.223,,10,8,8,0,0,0
499,,2019-05-24,09:29:31,FIXED,250,4075,6687768.399,394444.811,42.526,25.031,1.684,0.005,0.012,0.497,0.950,1.073,1.223,,10,8,8,0,0,0
500,,2019-05-24,09:29:32,FIXED,250,4075,6687768.400,394444.812,42.532,25.036,1.684,0.005,0.012,0.497,0.950,1.072,1.223,,10,8,8,0,0,0
501,,2019-05-24,09:29:33,FIXED,250,4075,6687768.401,394444.809,42.535,25.040,1.684,0.005,0.012,0.497,0.950,1.072,1.223,,10,8,8,0,0,0
502,,2019-05-24,09:29:34,FIXED,250,4075,6687768.405,394444.810,42.544,25.049,1.684,0.006,0.012,0.497,0.950,1.072,1.223,,10,8,8,0,0,0
503,,2019-05-24,09:29:35,FIXED,250,4075,6687768.400,394444.810,42.526,25.030,1.684,0.005,0.012,0.497,0.950,1.072,1.223,,10,8,8,0,0,0
504,,2019-05-24,09:29:36,FIXED,250,4075,6687768.402,394444.811,42.520,25.025,1.684,0.005,0.012,0.497,0.950,1.072,1.223,,10,8,8,0,0,0
505,,2019-05-24,09:29:37,FIXED,250,4075,6687768.401,394444.812,42.530,25.035,1.684,0.005,0.012,0.497,0.950,1.072,1.223,,10,8,8,0,0,0
506,,2019-05-24,09:29:38,FIXED,250,4075,6687768.402,394444.812,42.534,25.038,1.684,0.005,0.012,0.497,0.950,1.072,1.223,,10,8,8,0,0,0
507,,2019-05-24,09:29:39,FIXED,250,4075,6687768.406,394444.811,42.546,25.051,1.684,0.006,0.012,0.497,0.950,1.072,1.223,,10,8,8,0,0,0
508,,2019-05-24,09:29:40,FIXED,250,4075,6687768.401,394444.809,42.525,25.030,1.684,0.005,0.012,0.497,0.950,1.072,1.223,,10,8,8,0,0,0
509,,2019-05-24,09:29:41,FIXED,250,4075,6687768.400,394444.809,42.523,25.028,1.684,0.005,0.012,0.497,0.950,1.072,1.223,,10,8,8,0,0,0
